10
12 3
1 5 2 3 6 2 3 7 3 5 2 6
100 32
-1687683476 1988525188 1172472931 -554727003 -1484179402 -1528451856 -1031920602 1989621584 1411233214 -517307240 -782797288 -931597792 -955229213 -1220798250 760647143 -837063181 918650397 1361462720 576182426 -2097781249 -2072009006 1173516789 -804679927 1820364855 -883683095 -2006824295 1611226000 564060915 1847895709 -1177830499 -984996097 -938471217 -34170477 -1819957181 -556449580 -1833345326 -1439045587 1380526049 -1988536661 845691091 -1296604128 2061716196 774696693 636364823 977276483 -1697666025 -2062460184 213061695 -1412047958 34886181 -1570876490 -634136992 -1091356685 -767842980 1917695745 -1214130573 -1139287841 416382387 -1096673651 -717632785 1981200164 1049922830 -623243466 -1657861452 403325056 -1612863041 2127403813 7487787 1485903633 718454096 -107883714 -1335294806 1514598883 -317498497 1129501660 1780346652 -728599862 1491682697 60471488 1170676960 2014971250 166157739 225961030 -1292159502 -1665197132 109432549 996410841 885744968 1965054762 -889600 -856648792 -2089098626 1788383237 1060671698 928295833 -906825292 498694429 -1487670079 -1153200259 -1113817674 
100 32
-1687683476 1988525188 1172472931 -554727003 -1484179402 -1528451856 -1031920602 1989621584 1411233214 -517307240 -782797288 -931597792 -955229213 -1220798250 760647143 -837063181 918650397 1361462720 576182426 -2097781249 -2072009006 1173516789 -804679927 1820364855 -883683095 -2006824295 1611226000 564060915 1847895709 -1177830499 -984996097 -938471217 -34170477 -1819957181 -556449580 -1833345326 -1439045587 1380526049 -1988536661 845691091 -1296604128 2061716196 774696693 636364823 977276483 -1697666025 -2062460184 213061695 -1412047958 34886181 -1570876490 -634136992 -1091356685 -767842980 1917695745 -1214130573 -1139287841 416382387 -1096673651 -717632785 1981200164 1049922830 -623243466 -1657861452 403325056 -1612863041 2127403813 7487787 1485903633 718454096 -107883714 -1335294806 1514598883 -317498497 1129501660 1780346652 -728599862 1491682697 60471488 1170676960 2014971250 166157739 225961030 -1292159502 -1665197132 109432549 996410841 885744968 1965054762 -889600 -856648792 -2089098626 1788383237 1060671698 928295833 -906825292 498694429 -1487670079 -1153200259 -1113817674 
100 32
-1687683476 1988525188 1172472931 -554727003 -1484179402 -1528451856 -1031920602 1989621584 1411233214 -517307240 -782797288 -931597792 -955229213 -1220798250 760647143 -837063181 918650397 1361462720 576182426 -2097781249 -2072009006 1173516789 -804679927 1820364855 -883683095 -2006824295 1611226000 564060915 1847895709 -1177830499 -984996097 -938471217 -34170477 -1819957181 -556449580 -1833345326 -1439045587 1380526049 -1988536661 845691091 -1296604128 2061716196 774696693 636364823 977276483 -1697666025 -2062460184 213061695 -1412047958 34886181 -1570876490 -634136992 -1091356685 -767842980 1917695745 -1214130573 -1139287841 416382387 -1096673651 -717632785 1981200164 1049922830 -623243466 -1657861452 403325056 -1612863041 2127403813 7487787 1485903633 718454096 -107883714 -1335294806 1514598883 -317498497 1129501660 1780346652 -728599862 1491682697 60471488 1170676960 2014971250 166157739 225961030 -1292159502 -1665197132 109432549 996410841 885744968 1965054762 -889600 -856648792 -2089098626 1788383237 1060671698 928295833 -906825292 498694429 -1487670079 -1153200259 -1113817674 
100 32
-1687683476 1988525188 1172472931 -554727003 -1484179402 -1528451856 -1031920602 1989621584 1411233214 -517307240 -782797288 -931597792 -955229213 -1220798250 760647143 -837063181 918650397 1361462720 576182426 -2097781249 -2072009006 1173516789 -804679927 1820364855 -883683095 -2006824295 1611226000 564060915 1847895709 -1177830499 -984996097 -938471217 -34170477 -1819957181 -556449580 -1833345326 -1439045587 1380526049 -1988536661 845691091 -1296604128 2061716196 774696693 636364823 977276483 -1697666025 -2062460184 213061695 -1412047958 34886181 -1570876490 -634136992 -1091356685 -767842980 1917695745 -1214130573 -1139287841 416382387 -1096673651 -717632785 1981200164 1049922830 -623243466 -1657861452 403325056 -1612863041 2127403813 7487787 1485903633 718454096 -107883714 -1335294806 1514598883 -317498497 1129501660 1780346652 -728599862 1491682697 60471488 1170676960 2014971250 166157739 225961030 -1292159502 -1665197132 109432549 996410841 885744968 1965054762 -889600 -856648792 -2089098626 1788383237 1060671698 928295833 -906825292 498694429 -1487670079 -1153200259 -1113817674 
100 32
-1687683476 1988525188 1172472931 -554727003 -1484179402 -1528451856 -1031920602 1989621584 1411233214 -517307240 -782797288 -931597792 -955229213 -1220798250 760647143 -837063181 918650397 1361462720 576182426 -2097781249 -2072009006 1173516789 -804679927 1820364855 -883683095 -2006824295 1611226000 564060915 1847895709 -1177830499 -984996097 -938471217 -34170477 -1819957181 -556449580 -1833345326 -1439045587 1380526049 -1988536661 845691091 -1296604128 2061716196 774696693 636364823 977276483 -1697666025 -2062460184 213061695 -1412047958 34886181 -1570876490 -634136992 -1091356685 -767842980 1917695745 -1214130573 -1139287841 416382387 -1096673651 -717632785 1981200164 1049922830 -623243466 -1657861452 403325056 -1612863041 2127403813 7487787 1485903633 718454096 -107883714 -1335294806 1514598883 -317498497 1129501660 1780346652 -728599862 1491682697 60471488 1170676960 2014971250 166157739 225961030 -1292159502 -1665197132 109432549 996410841 885744968 1965054762 -889600 -856648792 -2089098626 1788383237 1060671698 928295833 -906825292 498694429 -1487670079 -1153200259 -1113817674 
100 32
-1687683476 1988525188 1172472931 -554727003 -1484179402 -1528451856 -1031920602 1989621584 1411233214 -517307240 -782797288 -931597792 -955229213 -1220798250 760647143 -837063181 918650397 1361462720 576182426 -2097781249 -2072009006 1173516789 -804679927 1820364855 -883683095 -2006824295 1611226000 564060915 1847895709 -1177830499 -984996097 -938471217 -34170477 -1819957181 -556449580 -1833345326 -1439045587 1380526049 -1988536661 845691091 -1296604128 2061716196 774696693 636364823 977276483 -1697666025 -2062460184 213061695 -1412047958 34886181 -1570876490 -634136992 -1091356685 -767842980 1917695745 -1214130573 -1139287841 416382387 -1096673651 -717632785 1981200164 1049922830 -623243466 -1657861452 403325056 -1612863041 2127403813 7487787 1485903633 718454096 -107883714 -1335294806 1514598883 -317498497 1129501660 1780346652 -728599862 1491682697 60471488 1170676960 2014971250 166157739 225961030 -1292159502 -1665197132 109432549 996410841 885744968 1965054762 -889600 -856648792 -2089098626 1788383237 1060671698 928295833 -906825292 498694429 -1487670079 -1153200259 -1113817674 
100 32
-1687683476 1988525188 1172472931 -554727003 -1484179402 -1528451856 -1031920602 1989621584 1411233214 -517307240 -782797288 -931597792 -955229213 -1220798250 760647143 -837063181 918650397 1361462720 576182426 -2097781249 -2072009006 1173516789 -804679927 1820364855 -883683095 -2006824295 1611226000 564060915 1847895709 -1177830499 -984996097 -938471217 -34170477 -1819957181 -556449580 -1833345326 -1439045587 1380526049 -1988536661 845691091 -1296604128 2061716196 774696693 636364823 977276483 -1697666025 -2062460184 213061695 -1412047958 34886181 -1570876490 -634136992 -1091356685 -767842980 1917695745 -1214130573 -1139287841 416382387 -1096673651 -717632785 1981200164 1049922830 -623243466 -1657861452 403325056 -1612863041 2127403813 7487787 1485903633 718454096 -107883714 -1335294806 1514598883 -317498497 1129501660 1780346652 -728599862 1491682697 60471488 1170676960 2014971250 166157739 225961030 -1292159502 -1665197132 109432549 996410841 885744968 1965054762 -889600 -856648792 -2089098626 1788383237 1060671698 928295833 -906825292 498694429 -1487670079 -1153200259 -1113817674 
100 32
-1687683476 1988525188 1172472931 -554727003 -1484179402 -1528451856 -1031920602 1989621584 1411233214 -517307240 -782797288 -931597792 -955229213 -1220798250 760647143 -837063181 918650397 1361462720 576182426 -2097781249 -2072009006 1173516789 -804679927 1820364855 -883683095 -2006824295 1611226000 564060915 1847895709 -1177830499 -984996097 -938471217 -34170477 -1819957181 -556449580 -1833345326 -1439045587 1380526049 -1988536661 845691091 -1296604128 2061716196 774696693 636364823 977276483 -1697666025 -2062460184 213061695 -1412047958 34886181 -1570876490 -634136992 -1091356685 -767842980 1917695745 -1214130573 -1139287841 416382387 -1096673651 -717632785 1981200164 1049922830 -623243466 -1657861452 403325056 -1612863041 2127403813 7487787 1485903633 718454096 -107883714 -1335294806 1514598883 -317498497 1129501660 1780346652 -728599862 1491682697 60471488 1170676960 2014971250 166157739 225961030 -1292159502 -1665197132 109432549 996410841 885744968 1965054762 -889600 -856648792 -2089098626 1788383237 1060671698 928295833 -906825292 498694429 -1487670079 -1153200259 -1113817674 
100 32
-1687683476 1988525188 1172472931 -554727003 -1484179402 -1528451856 -1031920602 1989621584 1411233214 -517307240 -782797288 -931597792 -955229213 -1220798250 760647143 -837063181 918650397 1361462720 576182426 -2097781249 -2072009006 1173516789 -804679927 1820364855 -883683095 -2006824295 1611226000 564060915 1847895709 -1177830499 -984996097 -938471217 -34170477 -1819957181 -556449580 -1833345326 -1439045587 1380526049 -1988536661 845691091 -1296604128 2061716196 774696693 636364823 977276483 -1697666025 -2062460184 213061695 -1412047958 34886181 -1570876490 -634136992 -1091356685 -767842980 1917695745 -1214130573 -1139287841 416382387 -1096673651 -717632785 1981200164 1049922830 -623243466 -1657861452 403325056 -1612863041 2127403813 7487787 1485903633 718454096 -107883714 -1335294806 1514598883 -317498497 1129501660 1780346652 -728599862 1491682697 60471488 1170676960 2014971250 166157739 225961030 -1292159502 -1665197132 109432549 996410841 885744968 1965054762 -889600 -856648792 -2089098626 1788383237 1060671698 928295833 -906825292 498694429 -1487670079 -1153200259 -1113817674 
100 32
-1687683476 1988525188 1172472931 -554727003 -1484179402 -1528451856 -1031920602 1989621584 1411233214 -517307240 -782797288 -931597792 -955229213 -1220798250 760647143 -837063181 918650397 1361462720 576182426 -2097781249 -2072009006 1173516789 -804679927 1820364855 -883683095 -2006824295 1611226000 564060915 1847895709 -1177830499 -984996097 -938471217 -34170477 -1819957181 -556449580 -1833345326 -1439045587 1380526049 -1988536661 845691091 -1296604128 2061716196 774696693 636364823 977276483 -1697666025 -2062460184 213061695 -1412047958 34886181 -1570876490 -634136992 -1091356685 -767842980 1917695745 -1214130573 -1139287841 416382387 -1096673651 -717632785 1981200164 1049922830 -623243466 -1657861452 403325056 -1612863041 2127403813 7487787 1485903633 718454096 -107883714 -1335294806 1514598883 -317498497 1129501660 1780346652 -728599862 1491682697 60471488 1170676960 2014971250 166157739 225961030 -1292159502 -1665197132 109432549 996410841 885744968 1965054762 -889600 -856648792 -2089098626 1788383237 1060671698 928295833 -906825292 498694429 -1487670079 -1153200259 -1113817674 
100 32
-1687683476 1988525188 1172472931 -554727003 -1484179402 -1528451856 -1031920602 1989621584 1411233214 -517307240 -782797288 -931597792 -955229213 -1220798250 760647143 -837063181 918650397 1361462720 576182426 -2097781249 -2072009006 1173516789 -804679927 1820364855 -883683095 -2006824295 1611226000 564060915 1847895709 -1177830499 -984996097 -938471217 -34170477 -1819957181 -556449580 -1833345326 -1439045587 1380526049 -1988536661 845691091 -1296604128 2061716196 774696693 636364823 977276483 -1697666025 -2062460184 213061695 -1412047958 34886181 -1570876490 -634136992 -1091356685 -767842980 1917695745 -1214130573 -1139287841 416382387 -1096673651 -717632785 1981200164 1049922830 -623243466 -1657861452 403325056 -1612863041 2127403813 7487787 1485903633 718454096 -107883714 -1335294806 1514598883 -317498497 1129501660 1780346652 -728599862 1491682697 60471488 1170676960 2014971250 166157739 225961030 -1292159502 -1665197132 109432549 996410841 885744968 1965054762 -889600 -856648792 -2089098626 1788383237 1060671698 928295833 -906825292 498694429 -1487670079 -1153200259 -1113817674 
100 32
-1687683476 1988525188 1172472931 -554727003 -1484179402 -1528451856 -1031920602 1989621584 1411233214 -517307240 -782797288 -931597792 -955229213 -1220798250 760647143 -837063181 918650397 1361462720 576182426 -2097781249 -2072009006 1173516789 -804679927 1820364855 -883683095 -2006824295 1611226000 564060915 1847895709 -1177830499 -984996097 -938471217 -34170477 -1819957181 -556449580 -1833345326 -1439045587 1380526049 -1988536661 845691091 -1296604128 2061716196 774696693 636364823 977276483 -1697666025 -2062460184 213061695 -1412047958 34886181 -1570876490 -634136992 -1091356685 -767842980 1917695745 -1214130573 -1139287841 416382387 -1096673651 -717632785 1981200164 1049922830 -623243466 -1657861452 403325056 -1612863041 2127403813 7487787 1485903633 718454096 -107883714 -1335294806 1514598883 -317498497 1129501660 1780346652 -728599862 1491682697 60471488 1170676960 2014971250 166157739 225961030 -1292159502 -1665197132 109432549 996410841 885744968 1965054762 -889600 -856648792 -2089098626 1788383237 1060671698 928295833 -906825292 498694429 -1487670079 -1153200259 -1113817674 
100 32
-1687683476 1988525188 1172472931 -554727003 -1484179402 -1528451856 -1031920602 1989621584 1411233214 -517307240 -782797288 -931597792 -955229213 -1220798250 760647143 -837063181 918650397 1361462720 576182426 -2097781249 -2072009006 1173516789 -804679927 1820364855 -883683095 -2006824295 1611226000 564060915 1847895709 -1177830499 -984996097 -938471217 -34170477 -1819957181 -556449580 -1833345326 -1439045587 1380526049 -1988536661 845691091 -1296604128 2061716196 774696693 636364823 977276483 -1697666025 -2062460184 213061695 -1412047958 34886181 -1570876490 -634136992 -1091356685 -767842980 1917695745 -1214130573 -1139287841 416382387 -1096673651 -717632785 1981200164 1049922830 -623243466 -1657861452 403325056 -1612863041 2127403813 7487787 1485903633 718454096 -107883714 -1335294806 1514598883 -317498497 1129501660 1780346652 -728599862 1491682697 60471488 1170676960 2014971250 166157739 225961030 -1292159502 -1665197132 109432549 996410841 885744968 1965054762 -889600 -856648792 -2089098626 1788383237 1060671698 928295833 -906825292 498694429 -1487670079 -1153200259 -1113817674 
100 32
-1687683476 1988525188 1172472931 -554727003 -1484179402 -1528451856 -1031920602 1989621584 1411233214 -517307240 -782797288 -931597792 -955229213 -1220798250 760647143 -837063181 918650397 1361462720 576182426 -2097781249 -2072009006 1173516789 -804679927 1820364855 -883683095 -2006824295 1611226000 564060915 1847895709 -1177830499 -984996097 -938471217 -34170477 -1819957181 -556449580 -1833345326 -1439045587 1380526049 -1988536661 845691091 -1296604128 2061716196 774696693 636364823 977276483 -1697666025 -2062460184 213061695 -1412047958 34886181 -1570876490 -634136992 -1091356685 -767842980 1917695745 -1214130573 -1139287841 416382387 -1096673651 -717632785 1981200164 1049922830 -623243466 -1657861452 403325056 -1612863041 2127403813 7487787 1485903633 718454096 -107883714 -1335294806 1514598883 -317498497 1129501660 1780346652 -728599862 1491682697 60471488 1170676960 2014971250 166157739 225961030 -1292159502 -1665197132 109432549 996410841 885744968 1965054762 -889600 -856648792 -2089098626 1788383237 1060671698 928295833 -906825292 498694429 -1487670079 -1153200259 -1113817674 
100 32
-1687683476 1988525188 1172472931 -554727003 -1484179402 -1528451856 -1031920602 1989621584 1411233214 -517307240 -782797288 -931597792 -955229213 -1220798250 760647143 -837063181 918650397 1361462720 576182426 -2097781249 -2072009006 1173516789 -804679927 1820364855 -883683095 -2006824295 1611226000 564060915 1847895709 -1177830499 -984996097 -938471217 -34170477 -1819957181 -556449580 -1833345326 -1439045587 1380526049 -1988536661 845691091 -1296604128 2061716196 774696693 636364823 977276483 -1697666025 -2062460184 213061695 -1412047958 34886181 -1570876490 -634136992 -1091356685 -767842980 1917695745 -1214130573 -1139287841 416382387 -1096673651 -717632785 1981200164 1049922830 -623243466 -1657861452 403325056 -1612863041 2127403813 7487787 1485903633 718454096 -107883714 -1335294806 1514598883 -317498497 1129501660 1780346652 -728599862 1491682697 60471488 1170676960 2014971250 166157739 225961030 -1292159502 -1665197132 109432549 996410841 885744968 1965054762 -889600 -856648792 -2089098626 1788383237 1060671698 928295833 -906825292 498694429 -1487670079 -1153200259 -1113817674 
100 32
-1687683476 1988525188 1172472931 -554727003 -1484179402 -1528451856 -1031920602 1989621584 1411233214 -517307240 -782797288 -931597792 -955229213 -1220798250 760647143 -837063181 918650397 1361462720 576182426 -2097781249 -2072009006 1173516789 -804679927 1820364855 -883683095 -2006824295 1611226000 564060915 1847895709 -1177830499 -984996097 -938471217 -34170477 -1819957181 -556449580 -1833345326 -1439045587 1380526049 -1988536661 845691091 -1296604128 2061716196 774696693 636364823 977276483 -1697666025 -2062460184 213061695 -1412047958 34886181 -1570876490 -634136992 -1091356685 -767842980 1917695745 -1214130573 -1139287841 416382387 -1096673651 -717632785 1981200164 1049922830 -623243466 -1657861452 403325056 -1612863041 2127403813 7487787 1485903633 718454096 -107883714 -1335294806 1514598883 -317498497 1129501660 1780346652 -728599862 1491682697 60471488 1170676960 2014971250 166157739 225961030 -1292159502 -1665197132 109432549 996410841 885744968 1965054762 -889600 -856648792 -2089098626 1788383237 1060671698 928295833 -906825292 498694429 -1487670079 -1153200259 -1113817674 
100 32
-1687683476 1988525188 1172472931 -554727003 -1484179402 -1528451856 -1031920602 1989621584 1411233214 -517307240 -782797288 -931597792 -955229213 -1220798250 760647143 -837063181 918650397 1361462720 576182426 -2097781249 -2072009006 1173516789 -804679927 1820364855 -883683095 -2006824295 1611226000 564060915 1847895709 -1177830499 -984996097 -938471217 -34170477 -1819957181 -556449580 -1833345326 -1439045587 1380526049 -1988536661 845691091 -1296604128 2061716196 774696693 636364823 977276483 -1697666025 -2062460184 213061695 -1412047958 34886181 -1570876490 -634136992 -1091356685 -767842980 1917695745 -1214130573 -1139287841 416382387 -1096673651 -717632785 1981200164 1049922830 -623243466 -1657861452 403325056 -1612863041 2127403813 7487787 1485903633 718454096 -107883714 -1335294806 1514598883 -317498497 1129501660 1780346652 -728599862 1491682697 60471488 1170676960 2014971250 166157739 225961030 -1292159502 -1665197132 109432549 996410841 885744968 1965054762 -889600 -856648792 -2089098626 1788383237 1060671698 928295833 -906825292 498694429 -1487670079 -1153200259 -1113817674 
100 32
-1687683476 1988525188 1172472931 -554727003 -1484179402 -1528451856 -1031920602 1989621584 1411233214 -517307240 -782797288 -931597792 -955229213 -1220798250 760647143 -837063181 918650397 1361462720 576182426 -2097781249 -2072009006 1173516789 -804679927 1820364855 -883683095 -2006824295 1611226000 564060915 1847895709 -1177830499 -984996097 -938471217 -34170477 -1819957181 -556449580 -1833345326 -1439045587 1380526049 -1988536661 845691091 -1296604128 2061716196 774696693 636364823 977276483 -1697666025 -2062460184 213061695 -1412047958 34886181 -1570876490 -634136992 -1091356685 -767842980 1917695745 -1214130573 -1139287841 416382387 -1096673651 -717632785 1981200164 1049922830 -623243466 -1657861452 403325056 -1612863041 2127403813 7487787 1485903633 718454096 -107883714 -1335294806 1514598883 -317498497 1129501660 1780346652 -728599862 1491682697 60471488 1170676960 2014971250 166157739 225961030 -1292159502 -1665197132 109432549 996410841 885744968 1965054762 -889600 -856648792 -2089098626 1788383237 1060671698 928295833 -906825292 498694429 -1487670079 -1153200259 -1113817674 
100 32
-1687683476 1988525188 1172472931 -554727003 -1484179402 -1528451856 -1031920602 1989621584 1411233214 -517307240 -782797288 -931597792 -955229213 -1220798250 760647143 -837063181 918650397 1361462720 576182426 -2097781249 -2072009006 1173516789 -804679927 1820364855 -883683095 -2006824295 1611226000 564060915 1847895709 -1177830499 -984996097 -938471217 -34170477 -1819957181 -556449580 -1833345326 -1439045587 1380526049 -1988536661 845691091 -1296604128 2061716196 774696693 636364823 977276483 -1697666025 -2062460184 213061695 -1412047958 34886181 -1570876490 -634136992 -1091356685 -767842980 1917695745 -1214130573 -1139287841 416382387 -1096673651 -717632785 1981200164 1049922830 -623243466 -1657861452 403325056 -1612863041 2127403813 7487787 1485903633 718454096 -107883714 -1335294806 1514598883 -317498497 1129501660 1780346652 -728599862 1491682697 60471488 1170676960 2014971250 166157739 225961030 -1292159502 -1665197132 109432549 996410841 885744968 1965054762 -889600 -856648792 -2089098626 1788383237 1060671698 928295833 -906825292 498694429 -1487670079 -1153200259 -1113817674 
100 32
-1687683476 1988525188 1172472931 -554727003 -1484179402 -1528451856 -1031920602 1989621584 1411233214 -517307240 -782797288 -931597792 -955229213 -1220798250 760647143 -837063181 918650397 1361462720 576182426 -2097781249 -2072009006 1173516789 -804679927 1820364855 -883683095 -2006824295 1611226000 564060915 1847895709 -1177830499 -984996097 -938471217 -34170477 -1819957181 -556449580 -1833345326 -1439045587 1380526049 -1988536661 845691091 -1296604128 2061716196 774696693 636364823 977276483 -1697666025 -2062460184 213061695 -1412047958 34886181 -1570876490 -634136992 -1091356685 -767842980 1917695745 -1214130573 -1139287841 416382387 -1096673651 -717632785 1981200164 1049922830 -623243466 -1657861452 403325056 -1612863041 2127403813 7487787 1485903633 718454096 -107883714 -1335294806 1514598883 -317498497 1129501660 1780346652 -728599862 1491682697 60471488 1170676960 2014971250 166157739 225961030 -1292159502 -1665197132 109432549 996410841 885744968 1965054762 -889600 -856648792 -2089098626 1788383237 1060671698 928295833 -906825292 498694429 -1487670079 -1153200259 -1113817674 
100 32
-1687683476 1988525188 1172472931 -554727003 -1484179402 -1528451856 -1031920602 1989621584 1411233214 -517307240 -782797288 -931597792 -955229213 -1220798250 760647143 -837063181 918650397 1361462720 576182426 -2097781249 -2072009006 1173516789 -804679927 1820364855 -883683095 -2006824295 1611226000 564060915 1847895709 -1177830499 -984996097 -938471217 -34170477 -1819957181 -556449580 -1833345326 -1439045587 1380526049 -1988536661 845691091 -1296604128 2061716196 774696693 636364823 977276483 -1697666025 -2062460184 213061695 -1412047958 34886181 -1570876490 -634136992 -1091356685 -767842980 1917695745 -1214130573 -1139287841 416382387 -1096673651 -717632785 1981200164 1049922830 -623243466 -1657861452 403325056 -1612863041 2127403813 7487787 1485903633 718454096 -107883714 -1335294806 1514598883 -317498497 1129501660 1780346652 -728599862 1491682697 60471488 1170676960 2014971250 166157739 225961030 -1292159502 -1665197132 109432549 996410841 885744968 1965054762 -889600 -856648792 -2089098626 1788383237 1060671698 928295833 -906825292 498694429 -1487670079 -1153200259 -1113817674 
100 32
-1687683476 1988525188 1172472931 -554727003 -1484179402 -1528451856 -1031920602 1989621584 1411233214 -517307240 -782797288 -931597792 -955229213 -1220798250 760647143 -837063181 918650397 1361462720 576182426 -2097781249 -2072009006 1173516789 -804679927 1820364855 -883683095 -2006824295 1611226000 564060915 1847895709 -1177830499 -984996097 -938471217 -34170477 -1819957181 -556449580 -1833345326 -1439045587 1380526049 -1988536661 845691091 -1296604128 2061716196 774696693 636364823 977276483 -1697666025 -2062460184 213061695 -1412047958 34886181 -1570876490 -634136992 -1091356685 -767842980 1917695745 -1214130573 -1139287841 416382387 -1096673651 -717632785 1981200164 1049922830 -623243466 -1657861452 403325056 -1612863041 2127403813 7487787 1485903633 718454096 -107883714 -1335294806 1514598883 -317498497 1129501660 1780346652 -728599862 1491682697 60471488 1170676960 2014971250 166157739 225961030 -1292159502 -1665197132 109432549 996410841 885744968 1965054762 -889600 -856648792 -2089098626 1788383237 1060671698 928295833 -906825292 498694429 -1487670079 -1153200259 -1113817674 
100 32
-1687683476 1988525188 1172472931 -554727003 -1484179402 -1528451856 -1031920602 1989621584 1411233214 -517307240 -782797288 -931597792 -955229213 -1220798250 760647143 -837063181 918650397 1361462720 576182426 -2097781249 -2072009006 1173516789 -804679927 1820364855 -883683095 -2006824295 1611226000 564060915 1847895709 -1177830499 -984996097 -938471217 -34170477 -1819957181 -556449580 -1833345326 -1439045587 1380526049 -1988536661 845691091 -1296604128 2061716196 774696693 636364823 977276483 -1697666025 -2062460184 213061695 -1412047958 34886181 -1570876490 -634136992 -1091356685 -767842980 1917695745 -1214130573 -1139287841 416382387 -1096673651 -717632785 1981200164 1049922830 -623243466 -1657861452 403325056 -1612863041 2127403813 7487787 1485903633 718454096 -107883714 -1335294806 1514598883 -317498497 1129501660 1780346652 -728599862 1491682697 60471488 1170676960 2014971250 166157739 225961030 -1292159502 -1665197132 109432549 996410841 885744968 1965054762 -889600 -856648792 -2089098626 1788383237 1060671698 928295833 -906825292 498694429 -1487670079 -1153200259 -1113817674 
100 32
-1687683476 1988525188 1172472931 -554727003 -1484179402 -1528451856 -1031920602 1989621584 1411233214 -517307240 -782797288 -931597792 -955229213 -1220798250 760647143 -837063181 918650397 1361462720 576182426 -2097781249 -2072009006 1173516789 -804679927 1820364855 -883683095 -2006824295 1611226000 564060915 1847895709 -1177830499 -984996097 -938471217 -34170477 -1819957181 -556449580 -1833345326 -1439045587 1380526049 -1988536661 845691091 -1296604128 2061716196 774696693 636364823 977276483 -1697666025 -2062460184 213061695 -1412047958 34886181 -1570876490 -634136992 -1091356685 -767842980 1917695745 -1214130573 -1139287841 416382387 -1096673651 -717632785 1981200164 1049922830 -623243466 -1657861452 403325056 -1612863041 2127403813 7487787 1485903633 718454096 -107883714 -1335294806 1514598883 -317498497 1129501660 1780346652 -728599862 1491682697 60471488 1170676960 2014971250 166157739 225961030 -1292159502 -1665197132 109432549 996410841 885744968 1965054762 -889600 -856648792 -2089098626 1788383237 1060671698 928295833 -906825292 498694429 -1487670079 -1153200259 -1113817674 
100 32
-1687683476 1988525188 1172472931 -554727003 -1484179402 -1528451856 -1031920602 1989621584 1411233214 -517307240 -782797288 -931597792 -955229213 -1220798250 760647143 -837063181 918650397 1361462720 576182426 -2097781249 -2072009006 1173516789 -804679927 1820364855 -883683095 -2006824295 1611226000 564060915 1847895709 -1177830499 -984996097 -938471217 -34170477 -1819957181 -556449580 -1833345326 -1439045587 1380526049 -1988536661 845691091 -1296604128 2061716196 774696693 636364823 977276483 -1697666025 -2062460184 213061695 -1412047958 34886181 -1570876490 -634136992 -1091356685 -767842980 1917695745 -1214130573 -1139287841 416382387 -1096673651 -717632785 1981200164 1049922830 -623243466 -1657861452 403325056 -1612863041 2127403813 7487787 1485903633 718454096 -107883714 -1335294806 1514598883 -317498497 1129501660 1780346652 -728599862 1491682697 60471488 1170676960 2014971250 166157739 225961030 -1292159502 -1665197132 109432549 996410841 885744968 1965054762 -889600 -856648792 -2089098626 1788383237 1060671698 928295833 -906825292 498694429 -1487670079 -1153200259 -1113817674 
100 32
-1687683476 1988525188 1172472931 -554727003 -1484179402 -1528451856 -1031920602 1989621584 1411233214 -517307240 -782797288 -931597792 -955229213 -1220798250 760647143 -837063181 918650397 1361462720 576182426 -2097781249 -2072009006 1173516789 -804679927 1820364855 -883683095 -2006824295 1611226000 564060915 1847895709 -1177830499 -984996097 -938471217 -34170477 -1819957181 -556449580 -1833345326 -1439045587 1380526049 -1988536661 845691091 -1296604128 2061716196 774696693 636364823 977276483 -1697666025 -2062460184 213061695 -1412047958 34886181 -1570876490 -634136992 -1091356685 -767842980 1917695745 -1214130573 -1139287841 416382387 -1096673651 -717632785 1981200164 1049922830 -623243466 -1657861452 403325056 -1612863041 2127403813 7487787 1485903633 718454096 -107883714 -1335294806 1514598883 -317498497 1129501660 1780346652 -728599862 1491682697 60471488 1170676960 2014971250 166157739 225961030 -1292159502 -1665197132 109432549 996410841 885744968 1965054762 -889600 -856648792 -2089098626 1788383237 1060671698 928295833 -906825292 498694429 -1487670079 -1153200259 -1113817674 
100 32
-1687683476 1988525188 1172472931 -554727003 -1484179402 -1528451856 -1031920602 1989621584 1411233214 -517307240 -782797288 -931597792 -955229213 -1220798250 760647143 -837063181 918650397 1361462720 576182426 -2097781249 -2072009006 1173516789 -804679927 1820364855 -883683095 -2006824295 1611226000 564060915 1847895709 -1177830499 -984996097 -938471217 -34170477 -1819957181 -556449580 -1833345326 -1439045587 1380526049 -1988536661 845691091 -1296604128 2061716196 774696693 636364823 977276483 -1697666025 -2062460184 213061695 -1412047958 34886181 -1570876490 -634136992 -1091356685 -767842980 1917695745 -1214130573 -1139287841 416382387 -1096673651 -717632785 1981200164 1049922830 -623243466 -1657861452 403325056 -1612863041 2127403813 7487787 1485903633 718454096 -107883714 -1335294806 1514598883 -317498497 1129501660 1780346652 -728599862 1491682697 60471488 1170676960 2014971250 166157739 225961030 -1292159502 -1665197132 109432549 996410841 885744968 1965054762 -889600 -856648792 -2089098626 1788383237 1060671698 928295833 -906825292 498694429 -1487670079 -1153200259 -1113817674 
100 32
-1687683476 1988525188 1172472931 -554727003 -1484179402 -1528451856 -1031920602 1989621584 1411233214 -517307240 -782797288 -931597792 -955229213 -1220798250 760647143 -837063181 918650397 1361462720 576182426 -2097781249 -2072009006 1173516789 -804679927 1820364855 -883683095 -2006824295 1611226000 564060915 1847895709 -1177830499 -984996097 -938471217 -34170477 -1819957181 -556449580 -1833345326 -1439045587 1380526049 -1988536661 845691091 -1296604128 2061716196 774696693 636364823 977276483 -1697666025 -2062460184 213061695 -1412047958 34886181 -1570876490 -634136992 -1091356685 -767842980 1917695745 -1214130573 -1139287841 416382387 -1096673651 -717632785 1981200164 1049922830 -623243466 -1657861452 403325056 -1612863041 2127403813 7487787 1485903633 718454096 -107883714 -1335294806 1514598883 -317498497 1129501660 1780346652 -728599862 1491682697 60471488 1170676960 2014971250 166157739 225961030 -1292159502 -1665197132 109432549 996410841 885744968 1965054762 -889600 -856648792 -2089098626 1788383237 1060671698 928295833 -906825292 498694429 -1487670079 -1153200259 -1113817674 
100 32
-1687683476 1988525188 1172472931 -554727003 -1484179402 -1528451856 -1031920602 1989621584 1411233214 -517307240 -782797288 -931597792 -955229213 -1220798250 760647143 -837063181 918650397 1361462720 576182426 -2097781249 -2072009006 1173516789 -804679927 1820364855 -883683095 -2006824295 1611226000 564060915 1847895709 -1177830499 -984996097 -938471217 -34170477 -1819957181 -556449580 -1833345326 -1439045587 1380526049 -1988536661 845691091 -1296604128 2061716196 774696693 636364823 977276483 -1697666025 -2062460184 213061695 -1412047958 34886181 -1570876490 -634136992 -1091356685 -767842980 1917695745 -1214130573 -1139287841 416382387 -1096673651 -717632785 1981200164 1049922830 -623243466 -1657861452 403325056 -1612863041 2127403813 7487787 1485903633 718454096 -107883714 -1335294806 1514598883 -317498497 1129501660 1780346652 -728599862 1491682697 60471488 1170676960 2014971250 166157739 225961030 -1292159502 -1665197132 109432549 996410841 885744968 1965054762 -889600 -856648792 -2089098626 1788383237 1060671698 928295833 -906825292 498694429 -1487670079 -1153200259 -1113817674 
100 32
-1687683476 1988525188 1172472931 -554727003 -1484179402 -1528451856 -1031920602 1989621584 1411233214 -517307240 -782797288 -931597792 -955229213 -1220798250 760647143 -837063181 918650397 1361462720 576182426 -2097781249 -2072009006 1173516789 -804679927 1820364855 -883683095 -2006824295 1611226000 564060915 1847895709 -1177830499 -984996097 -938471217 -34170477 -1819957181 -556449580 -1833345326 -1439045587 1380526049 -1988536661 845691091 -1296604128 2061716196 774696693 636364823 977276483 -1697666025 -2062460184 213061695 -1412047958 34886181 -1570876490 -634136992 -1091356685 -767842980 1917695745 -1214130573 -1139287841 416382387 -1096673651 -717632785 1981200164 1049922830 -623243466 -1657861452 403325056 -1612863041 2127403813 7487787 1485903633 718454096 -107883714 -1335294806 1514598883 -317498497 1129501660 1780346652 -728599862 1491682697 60471488 1170676960 2014971250 166157739 225961030 -1292159502 -1665197132 109432549 996410841 885744968 1965054762 -889600 -856648792 -2089098626 1788383237 1060671698 928295833 -906825292 498694429 -1487670079 -1153200259 -1113817674 
100 32
-1687683476 1988525188 1172472931 -554727003 -1484179402 -1528451856 -1031920602 1989621584 1411233214 -517307240 -782797288 -931597792 -955229213 -1220798250 760647143 -837063181 918650397 1361462720 576182426 -2097781249 -2072009006 1173516789 -804679927 1820364855 -883683095 -2006824295 1611226000 564060915 1847895709 -1177830499 -984996097 -938471217 -34170477 -1819957181 -556449580 -1833345326 -1439045587 1380526049 -1988536661 845691091 -1296604128 2061716196 774696693 636364823 977276483 -1697666025 -2062460184 213061695 -1412047958 34886181 -1570876490 -634136992 -1091356685 -767842980 1917695745 -1214130573 -1139287841 416382387 -1096673651 -717632785 1981200164 1049922830 -623243466 -1657861452 403325056 -1612863041 2127403813 7487787 1485903633 718454096 -107883714 -1335294806 1514598883 -317498497 1129501660 1780346652 -728599862 1491682697 60471488 1170676960 2014971250 166157739 225961030 -1292159502 -1665197132 109432549 996410841 885744968 1965054762 -889600 -856648792 -2089098626 1788383237 1060671698 928295833 -906825292 498694429 -1487670079 -1153200259 -1113817674 
100 32
-1687683476 1988525188 1172472931 -554727003 -1484179402 -1528451856 -1031920602 1989621584 1411233214 -517307240 -782797288 -931597792 -955229213 -1220798250 760647143 -837063181 918650397 1361462720 576182426 -2097781249 -2072009006 1173516789 -804679927 1820364855 -883683095 -2006824295 1611226000 564060915 1847895709 -1177830499 -984996097 -938471217 -34170477 -1819957181 -556449580 -1833345326 -1439045587 1380526049 -1988536661 845691091 -1296604128 2061716196 774696693 636364823 977276483 -1697666025 -2062460184 213061695 -1412047958 34886181 -1570876490 -634136992 -1091356685 -767842980 1917695745 -1214130573 -1139287841 416382387 -1096673651 -717632785 1981200164 1049922830 -623243466 -1657861452 403325056 -1612863041 2127403813 7487787 1485903633 718454096 -107883714 -1335294806 1514598883 -317498497 1129501660 1780346652 -728599862 1491682697 60471488 1170676960 2014971250 166157739 225961030 -1292159502 -1665197132 109432549 996410841 885744968 1965054762 -889600 -856648792 -2089098626 1788383237 1060671698 928295833 -906825292 498694429 -1487670079 -1153200259 -1113817674 
100 32
-1687683476 1988525188 1172472931 -554727003 -1484179402 -1528451856 -1031920602 1989621584 1411233214 -517307240 -782797288 -931597792 -955229213 -1220798250 760647143 -837063181 918650397 1361462720 576182426 -2097781249 -2072009006 1173516789 -804679927 1820364855 -883683095 -2006824295 1611226000 564060915 1847895709 -1177830499 -984996097 -938471217 -34170477 -1819957181 -556449580 -1833345326 -1439045587 1380526049 -1988536661 845691091 -1296604128 2061716196 774696693 636364823 977276483 -1697666025 -2062460184 213061695 -1412047958 34886181 -1570876490 -634136992 -1091356685 -767842980 1917695745 -1214130573 -1139287841 416382387 -1096673651 -717632785 1981200164 1049922830 -623243466 -1657861452 403325056 -1612863041 2127403813 7487787 1485903633 718454096 -107883714 -1335294806 1514598883 -317498497 1129501660 1780346652 -728599862 1491682697 60471488 1170676960 2014971250 166157739 225961030 -1292159502 -1665197132 109432549 996410841 885744968 1965054762 -889600 -856648792 -2089098626 1788383237 1060671698 928295833 -906825292 498694429 -1487670079 -1153200259 -1113817674 
100 32
-1687683476 1988525188 1172472931 -554727003 -1484179402 -1528451856 -1031920602 1989621584 1411233214 -517307240 -782797288 -931597792 -955229213 -1220798250 760647143 -837063181 918650397 1361462720 576182426 -2097781249 -2072009006 1173516789 -804679927 1820364855 -883683095 -2006824295 1611226000 564060915 1847895709 -1177830499 -984996097 -938471217 -34170477 -1819957181 -556449580 -1833345326 -1439045587 1380526049 -1988536661 845691091 -1296604128 2061716196 774696693 636364823 977276483 -1697666025 -2062460184 213061695 -1412047958 34886181 -1570876490 -634136992 -1091356685 -767842980 1917695745 -1214130573 -1139287841 416382387 -1096673651 -717632785 1981200164 1049922830 -623243466 -1657861452 403325056 -1612863041 2127403813 7487787 1485903633 718454096 -107883714 -1335294806 1514598883 -317498497 1129501660 1780346652 -728599862 1491682697 60471488 1170676960 2014971250 166157739 225961030 -1292159502 -1665197132 109432549 996410841 885744968 1965054762 -889600 -856648792 -2089098626 1788383237 1060671698 928295833 -906825292 498694429 -1487670079 -1153200259 -1113817674 
100 32
-1687683476 1988525188 1172472931 -554727003 -1484179402 -1528451856 -1031920602 1989621584 1411233214 -517307240 -782797288 -931597792 -955229213 -1220798250 760647143 -837063181 918650397 1361462720 576182426 -2097781249 -2072009006 1173516789 -804679927 1820364855 -883683095 -2006824295 1611226000 564060915 1847895709 -1177830499 -984996097 -938471217 -34170477 -1819957181 -556449580 -1833345326 -1439045587 1380526049 -1988536661 845691091 -1296604128 2061716196 774696693 636364823 977276483 -1697666025 -2062460184 213061695 -1412047958 34886181 -1570876490 -634136992 -1091356685 -767842980 1917695745 -1214130573 -1139287841 416382387 -1096673651 -717632785 1981200164 1049922830 -623243466 -1657861452 403325056 -1612863041 2127403813 7487787 1485903633 718454096 -107883714 -1335294806 1514598883 -317498497 1129501660 1780346652 -728599862 1491682697 60471488 1170676960 2014971250 166157739 225961030 -1292159502 -1665197132 109432549 996410841 885744968 1965054762 -889600 -856648792 -2089098626 1788383237 1060671698 928295833 -906825292 498694429 -1487670079 -1153200259 -1113817674 
100 32
-1687683476 1988525188 1172472931 -554727003 -1484179402 -1528451856 -1031920602 1989621584 1411233214 -517307240 -782797288 -931597792 -955229213 -1220798250 760647143 -837063181 918650397 1361462720 576182426 -2097781249 -2072009006 1173516789 -804679927 1820364855 -883683095 -2006824295 1611226000 564060915 1847895709 -1177830499 -984996097 -938471217 -34170477 -1819957181 -556449580 -1833345326 -1439045587 1380526049 -1988536661 845691091 -1296604128 2061716196 774696693 636364823 977276483 -1697666025 -2062460184 213061695 -1412047958 34886181 -1570876490 -634136992 -1091356685 -767842980 1917695745 -1214130573 -1139287841 416382387 -1096673651 -717632785 1981200164 1049922830 -623243466 -1657861452 403325056 -1612863041 2127403813 7487787 1485903633 718454096 -107883714 -1335294806 1514598883 -317498497 1129501660 1780346652 -728599862 1491682697 60471488 1170676960 2014971250 166157739 225961030 -1292159502 -1665197132 109432549 996410841 885744968 1965054762 -889600 -856648792 -2089098626 1788383237 1060671698 928295833 -906825292 498694429 -1487670079 -1153200259 -1113817674 
100 32
-1687683476 1988525188 1172472931 -554727003 -1484179402 -1528451856 -1031920602 1989621584 1411233214 -517307240 -782797288 -931597792 -955229213 -1220798250 760647143 -837063181 918650397 1361462720 576182426 -2097781249 -2072009006 1173516789 -804679927 1820364855 -883683095 -2006824295 1611226000 564060915 1847895709 -1177830499 -984996097 -938471217 -34170477 -1819957181 -556449580 -1833345326 -1439045587 1380526049 -1988536661 845691091 -1296604128 2061716196 774696693 636364823 977276483 -1697666025 -2062460184 213061695 -1412047958 34886181 -1570876490 -634136992 -1091356685 -767842980 1917695745 -1214130573 -1139287841 416382387 -1096673651 -717632785 1981200164 1049922830 -623243466 -1657861452 403325056 -1612863041 2127403813 7487787 1485903633 718454096 -107883714 -1335294806 1514598883 -317498497 1129501660 1780346652 -728599862 1491682697 60471488 1170676960 2014971250 166157739 225961030 -1292159502 -1665197132 109432549 996410841 885744968 1965054762 -889600 -856648792 -2089098626 1788383237 1060671698 928295833 -906825292 498694429 -1487670079 -1153200259 -1113817674 
100 32
-1687683476 1988525188 1172472931 -554727003 -1484179402 -1528451856 -1031920602 1989621584 1411233214 -517307240 -782797288 -931597792 -955229213 -1220798250 760647143 -837063181 918650397 1361462720 576182426 -2097781249 -2072009006 1173516789 -804679927 1820364855 -883683095 -2006824295 1611226000 564060915 1847895709 -1177830499 -984996097 -938471217 -34170477 -1819957181 -556449580 -1833345326 -1439045587 1380526049 -1988536661 845691091 -1296604128 2061716196 774696693 636364823 977276483 -1697666025 -2062460184 213061695 -1412047958 34886181 -1570876490 -634136992 -1091356685 -767842980 1917695745 -1214130573 -1139287841 416382387 -1096673651 -717632785 1981200164 1049922830 -623243466 -1657861452 403325056 -1612863041 2127403813 7487787 1485903633 718454096 -107883714 -1335294806 1514598883 -317498497 1129501660 1780346652 -728599862 1491682697 60471488 1170676960 2014971250 166157739 225961030 -1292159502 -1665197132 109432549 996410841 885744968 1965054762 -889600 -856648792 -2089098626 1788383237 1060671698 928295833 -906825292 498694429 -1487670079 -1153200259 -1113817674 
100 32
-1687683476 1988525188 1172472931 -554727003 -1484179402 -1528451856 -1031920602 1989621584 1411233214 -517307240 -782797288 -931597792 -955229213 -1220798250 760647143 -837063181 918650397 1361462720 576182426 -2097781249 -2072009006 1173516789 -804679927 1820364855 -883683095 -2006824295 1611226000 564060915 1847895709 -1177830499 -984996097 -938471217 -34170477 -1819957181 -556449580 -1833345326 -1439045587 1380526049 -1988536661 845691091 -1296604128 2061716196 774696693 636364823 977276483 -1697666025 -2062460184 213061695 -1412047958 34886181 -1570876490 -634136992 -1091356685 -767842980 1917695745 -1214130573 -1139287841 416382387 -1096673651 -717632785 1981200164 1049922830 -623243466 -1657861452 403325056 -1612863041 2127403813 7487787 1485903633 718454096 -107883714 -1335294806 1514598883 -317498497 1129501660 1780346652 -728599862 1491682697 60471488 1170676960 2014971250 166157739 225961030 -1292159502 -1665197132 109432549 996410841 885744968 1965054762 -889600 -856648792 -2089098626 1788383237 1060671698 928295833 -906825292 498694429 -1487670079 -1153200259 -1113817674 
100 32
-1687683476 1988525188 1172472931 -554727003 -1484179402 -1528451856 -1031920602 1989621584 1411233214 -517307240 -782797288 -931597792 -955229213 -1220798250 760647143 -837063181 918650397 1361462720 576182426 -2097781249 -2072009006 1173516789 -804679927 1820364855 -883683095 -2006824295 1611226000 564060915 1847895709 -1177830499 -984996097 -938471217 -34170477 -1819957181 -556449580 -1833345326 -1439045587 1380526049 -1988536661 845691091 -1296604128 2061716196 774696693 636364823 977276483 -1697666025 -2062460184 213061695 -1412047958 34886181 -1570876490 -634136992 -1091356685 -767842980 1917695745 -1214130573 -1139287841 416382387 -1096673651 -717632785 1981200164 1049922830 -623243466 -1657861452 403325056 -1612863041 2127403813 7487787 1485903633 718454096 -107883714 -1335294806 1514598883 -317498497 1129501660 1780346652 -728599862 1491682697 60471488 1170676960 2014971250 166157739 225961030 -1292159502 -1665197132 109432549 996410841 885744968 1965054762 -889600 -856648792 -2089098626 1788383237 1060671698 928295833 -906825292 498694429 -1487670079 -1153200259 -1113817674 
100 32
-1687683476 1988525188 1172472931 -554727003 -1484179402 -1528451856 -1031920602 1989621584 1411233214 -517307240 -782797288 -931597792 -955229213 -1220798250 760647143 -837063181 918650397 1361462720 576182426 -2097781249 -2072009006 1173516789 -804679927 1820364855 -883683095 -2006824295 1611226000 564060915 1847895709 -1177830499 -984996097 -938471217 -34170477 -1819957181 -556449580 -1833345326 -1439045587 1380526049 -1988536661 845691091 -1296604128 2061716196 774696693 636364823 977276483 -1697666025 -2062460184 213061695 -1412047958 34886181 -1570876490 -634136992 -1091356685 -767842980 1917695745 -1214130573 -1139287841 416382387 -1096673651 -717632785 1981200164 1049922830 -623243466 -1657861452 403325056 -1612863041 2127403813 7487787 1485903633 718454096 -107883714 -1335294806 1514598883 -317498497 1129501660 1780346652 -728599862 1491682697 60471488 1170676960 2014971250 166157739 225961030 -1292159502 -1665197132 109432549 996410841 885744968 1965054762 -889600 -856648792 -2089098626 1788383237 1060671698 928295833 -906825292 498694429 -1487670079 -1153200259 -1113817674 
100 32
-1687683476 1988525188 1172472931 -554727003 -1484179402 -1528451856 -1031920602 1989621584 1411233214 -517307240 -782797288 -931597792 -955229213 -1220798250 760647143 -837063181 918650397 1361462720 576182426 -2097781249 -2072009006 1173516789 -804679927 1820364855 -883683095 -2006824295 1611226000 564060915 1847895709 -1177830499 -984996097 -938471217 -34170477 -1819957181 -556449580 -1833345326 -1439045587 1380526049 -1988536661 845691091 -1296604128 2061716196 774696693 636364823 977276483 -1697666025 -2062460184 213061695 -1412047958 34886181 -1570876490 -634136992 -1091356685 -767842980 1917695745 -1214130573 -1139287841 416382387 -1096673651 -717632785 1981200164 1049922830 -623243466 -1657861452 403325056 -1612863041 2127403813 7487787 1485903633 718454096 -107883714 -1335294806 1514598883 -317498497 1129501660 1780346652 -728599862 1491682697 60471488 1170676960 2014971250 166157739 225961030 -1292159502 -1665197132 109432549 996410841 885744968 1965054762 -889600 -856648792 -2089098626 1788383237 1060671698 928295833 -906825292 498694429 -1487670079 -1153200259 -1113817674 
100 32
-1687683476 1988525188 1172472931 -554727003 -1484179402 -1528451856 -1031920602 1989621584 1411233214 -517307240 -782797288 -931597792 -955229213 -1220798250 760647143 -837063181 918650397 1361462720 576182426 -2097781249 -2072009006 1173516789 -804679927 1820364855 -883683095 -2006824295 1611226000 564060915 1847895709 -1177830499 -984996097 -938471217 -34170477 -1819957181 -556449580 -1833345326 -1439045587 1380526049 -1988536661 845691091 -1296604128 2061716196 774696693 636364823 977276483 -1697666025 -2062460184 213061695 -1412047958 34886181 -1570876490 -634136992 -1091356685 -767842980 1917695745 -1214130573 -1139287841 416382387 -1096673651 -717632785 1981200164 1049922830 -623243466 -1657861452 403325056 -1612863041 2127403813 7487787 1485903633 718454096 -107883714 -1335294806 1514598883 -317498497 1129501660 1780346652 -728599862 1491682697 60471488 1170676960 2014971250 166157739 225961030 -1292159502 -1665197132 109432549 996410841 885744968 1965054762 -889600 -856648792 -2089098626 1788383237 1060671698 928295833 -906825292 498694429 -1487670079 -1153200259 -1113817674 
100 32
-1687683476 1988525188 1172472931 -554727003 -1484179402 -1528451856 -1031920602 1989621584 1411233214 -517307240 -782797288 -931597792 -955229213 -1220798250 760647143 -837063181 918650397 1361462720 576182426 -2097781249 -2072009006 1173516789 -804679927 1820364855 -883683095 -2006824295 1611226000 564060915 1847895709 -1177830499 -984996097 -938471217 -34170477 -1819957181 -556449580 -1833345326 -1439045587 1380526049 -1988536661 845691091 -1296604128 2061716196 774696693 636364823 977276483 -1697666025 -2062460184 213061695 -1412047958 34886181 -1570876490 -634136992 -1091356685 -767842980 1917695745 -1214130573 -1139287841 416382387 -1096673651 -717632785 1981200164 1049922830 -623243466 -1657861452 403325056 -1612863041 2127403813 7487787 1485903633 718454096 -107883714 -1335294806 1514598883 -317498497 1129501660 1780346652 -728599862 1491682697 60471488 1170676960 2014971250 166157739 225961030 -1292159502 -1665197132 109432549 996410841 885744968 1965054762 -889600 -856648792 -2089098626 1788383237 1060671698 928295833 -906825292 498694429 -1487670079 -1153200259 -1113817674 
100 32
-1687683476 1988525188 1172472931 -554727003 -1484179402 -1528451856 -1031920602 1989621584 1411233214 -517307240 -782797288 -931597792 -955229213 -1220798250 760647143 -837063181 918650397 1361462720 576182426 -2097781249 -2072009006 1173516789 -804679927 1820364855 -883683095 -2006824295 1611226000 564060915 1847895709 -1177830499 -984996097 -938471217 -34170477 -1819957181 -556449580 -1833345326 -1439045587 1380526049 -1988536661 845691091 -1296604128 2061716196 774696693 636364823 977276483 -1697666025 -2062460184 213061695 -1412047958 34886181 -1570876490 -634136992 -1091356685 -767842980 1917695745 -1214130573 -1139287841 416382387 -1096673651 -717632785 1981200164 1049922830 -623243466 -1657861452 403325056 -1612863041 2127403813 7487787 1485903633 718454096 -107883714 -1335294806 1514598883 -317498497 1129501660 1780346652 -728599862 1491682697 60471488 1170676960 2014971250 166157739 225961030 -1292159502 -1665197132 109432549 996410841 885744968 1965054762 -889600 -856648792 -2089098626 1788383237 1060671698 928295833 -906825292 498694429 -1487670079 -1153200259 -1113817674 
100 32
-1687683476 1988525188 1172472931 -554727003 -1484179402 -1528451856 -1031920602 1989621584 1411233214 -517307240 -782797288 -931597792 -955229213 -1220798250 760647143 -837063181 918650397 1361462720 576182426 -2097781249 -2072009006 1173516789 -804679927 1820364855 -883683095 -2006824295 1611226000 564060915 1847895709 -1177830499 -984996097 -938471217 -34170477 -1819957181 -556449580 -1833345326 -1439045587 1380526049 -1988536661 845691091 -1296604128 2061716196 774696693 636364823 977276483 -1697666025 -2062460184 213061695 -1412047958 34886181 -1570876490 -634136992 -1091356685 -767842980 1917695745 -1214130573 -1139287841 416382387 -1096673651 -717632785 1981200164 1049922830 -623243466 -1657861452 403325056 -1612863041 2127403813 7487787 1485903633 718454096 -107883714 -1335294806 1514598883 -317498497 1129501660 1780346652 -728599862 1491682697 60471488 1170676960 2014971250 166157739 225961030 -1292159502 -1665197132 109432549 996410841 885744968 1965054762 -889600 -856648792 -2089098626 1788383237 1060671698 928295833 -906825292 498694429 -1487670079 -1153200259 -1113817674 
100 32
-1687683476 1988525188 1172472931 -554727003 -1484179402 -1528451856 -1031920602 1989621584 1411233214 -517307240 -782797288 -931597792 -955229213 -1220798250 760647143 -837063181 918650397 1361462720 576182426 -2097781249 -2072009006 1173516789 -804679927 1820364855 -883683095 -2006824295 1611226000 564060915 1847895709 -1177830499 -984996097 -938471217 -34170477 -1819957181 -556449580 -1833345326 -1439045587 1380526049 -1988536661 845691091 -1296604128 2061716196 774696693 636364823 977276483 -1697666025 -2062460184 213061695 -1412047958 34886181 -1570876490 -634136992 -1091356685 -767842980 1917695745 -1214130573 -1139287841 416382387 -1096673651 -717632785 1981200164 1049922830 -623243466 -1657861452 403325056 -1612863041 2127403813 7487787 1485903633 718454096 -107883714 -1335294806 1514598883 -317498497 1129501660 1780346652 -728599862 1491682697 60471488 1170676960 2014971250 166157739 225961030 -1292159502 -1665197132 109432549 996410841 885744968 1965054762 -889600 -856648792 -2089098626 1788383237 1060671698 928295833 -906825292 498694429 -1487670079 -1153200259 -1113817674 
100 32
-1687683476 1988525188 1172472931 -554727003 -1484179402 -1528451856 -1031920602 1989621584 1411233214 -517307240 -782797288 -931597792 -955229213 -1220798250 760647143 -837063181 918650397 1361462720 576182426 -2097781249 -2072009006 1173516789 -804679927 1820364855 -883683095 -2006824295 1611226000 564060915 1847895709 -1177830499 -984996097 -938471217 -34170477 -1819957181 -556449580 -1833345326 -1439045587 1380526049 -1988536661 845691091 -1296604128 2061716196 774696693 636364823 977276483 -1697666025 -2062460184 213061695 -1412047958 34886181 -1570876490 -634136992 -1091356685 -767842980 1917695745 -1214130573 -1139287841 416382387 -1096673651 -717632785 1981200164 1049922830 -623243466 -1657861452 403325056 -1612863041 2127403813 7487787 1485903633 718454096 -107883714 -1335294806 1514598883 -317498497 1129501660 1780346652 -728599862 1491682697 60471488 1170676960 2014971250 166157739 225961030 -1292159502 -1665197132 109432549 996410841 885744968 1965054762 -889600 -856648792 -2089098626 1788383237 1060671698 928295833 -906825292 498694429 -1487670079 -1153200259 -1113817674 
100 32
-1687683476 1988525188 1172472931 -554727003 -1484179402 -1528451856 -1031920602 1989621584 1411233214 -517307240 -782797288 -931597792 -955229213 -1220798250 760647143 -837063181 918650397 1361462720 576182426 -2097781249 -2072009006 1173516789 -804679927 1820364855 -883683095 -2006824295 1611226000 564060915 1847895709 -1177830499 -984996097 -938471217 -34170477 -1819957181 -556449580 -1833345326 -1439045587 1380526049 -1988536661 845691091 -1296604128 2061716196 774696693 636364823 977276483 -1697666025 -2062460184 213061695 -1412047958 34886181 -1570876490 -634136992 -1091356685 -767842980 1917695745 -1214130573 -1139287841 416382387 -1096673651 -717632785 1981200164 1049922830 -623243466 -1657861452 403325056 -1612863041 2127403813 7487787 1485903633 718454096 -107883714 -1335294806 1514598883 -317498497 1129501660 1780346652 -728599862 1491682697 60471488 1170676960 2014971250 166157739 225961030 -1292159502 -1665197132 109432549 996410841 885744968 1965054762 -889600 -856648792 -2089098626 1788383237 1060671698 928295833 -906825292 498694429 -1487670079 -1153200259 -1113817674 
100 32
-1687683476 1988525188 1172472931 -554727003 -1484179402 -1528451856 -1031920602 1989621584 1411233214 -517307240 -782797288 -931597792 -955229213 -1220798250 760647143 -837063181 918650397 1361462720 576182426 -2097781249 -2072009006 1173516789 -804679927 1820364855 -883683095 -2006824295 1611226000 564060915 1847895709 -1177830499 -984996097 -938471217 -34170477 -1819957181 -556449580 -1833345326 -1439045587 1380526049 -1988536661 845691091 -1296604128 2061716196 774696693 636364823 977276483 -1697666025 -2062460184 213061695 -1412047958 34886181 -1570876490 -634136992 -1091356685 -767842980 1917695745 -1214130573 -1139287841 416382387 -1096673651 -717632785 1981200164 1049922830 -623243466 -1657861452 403325056 -1612863041 2127403813 7487787 1485903633 718454096 -107883714 -1335294806 1514598883 -317498497 1129501660 1780346652 -728599862 1491682697 60471488 1170676960 2014971250 166157739 225961030 -1292159502 -1665197132 109432549 996410841 885744968 1965054762 -889600 -856648792 -2089098626 1788383237 1060671698 928295833 -906825292 498694429 -1487670079 -1153200259 -1113817674 
100 32
-1687683476 1988525188 1172472931 -554727003 -1484179402 -1528451856 -1031920602 1989621584 1411233214 -517307240 -782797288 -931597792 -955229213 -1220798250 760647143 -837063181 918650397 1361462720 576182426 -2097781249 -2072009006 1173516789 -804679927 1820364855 -883683095 -2006824295 1611226000 564060915 1847895709 -1177830499 -984996097 -938471217 -34170477 -1819957181 -556449580 -1833345326 -1439045587 1380526049 -1988536661 845691091 -1296604128 2061716196 774696693 636364823 977276483 -1697666025 -2062460184 213061695 -1412047958 34886181 -1570876490 -634136992 -1091356685 -767842980 1917695745 -1214130573 -1139287841 416382387 -1096673651 -717632785 1981200164 1049922830 -623243466 -1657861452 403325056 -1612863041 2127403813 7487787 1485903633 718454096 -107883714 -1335294806 1514598883 -317498497 1129501660 1780346652 -728599862 1491682697 60471488 1170676960 2014971250 166157739 225961030 -1292159502 -1665197132 109432549 996410841 885744968 1965054762 -889600 -856648792 -2089098626 1788383237 1060671698 928295833 -906825292 498694429 -1487670079 -1153200259 -1113817674 
100 32
-1687683476 1988525188 1172472931 -554727003 -1484179402 -1528451856 -1031920602 1989621584 1411233214 -517307240 -782797288 -931597792 -955229213 -1220798250 760647143 -837063181 918650397 1361462720 576182426 -2097781249 -2072009006 1173516789 -804679927 1820364855 -883683095 -2006824295 1611226000 564060915 1847895709 -1177830499 -984996097 -938471217 -34170477 -1819957181 -556449580 -1833345326 -1439045587 1380526049 -1988536661 845691091 -1296604128 2061716196 774696693 636364823 977276483 -1697666025 -2062460184 213061695 -1412047958 34886181 -1570876490 -634136992 -1091356685 -767842980 1917695745 -1214130573 -1139287841 416382387 -1096673651 -717632785 1981200164 1049922830 -623243466 -1657861452 403325056 -1612863041 2127403813 7487787 1485903633 718454096 -107883714 -1335294806 1514598883 -317498497 1129501660 1780346652 -728599862 1491682697 60471488 1170676960 2014971250 166157739 225961030 -1292159502 -1665197132 109432549 996410841 885744968 1965054762 -889600 -856648792 -2089098626 1788383237 1060671698 928295833 -906825292 498694429 -1487670079 -1153200259 -1113817674 
100 32
-1687683476 1988525188 1172472931 -554727003 -1484179402 -1528451856 -1031920602 1989621584 1411233214 -517307240 -782797288 -931597792 -955229213 -1220798250 760647143 -837063181 918650397 1361462720 576182426 -2097781249 -2072009006 1173516789 -804679927 1820364855 -883683095 -2006824295 1611226000 564060915 1847895709 -1177830499 -984996097 -938471217 -34170477 -1819957181 -556449580 -1833345326 -1439045587 1380526049 -1988536661 845691091 -1296604128 2061716196 774696693 636364823 977276483 -1697666025 -2062460184 213061695 -1412047958 34886181 -1570876490 -634136992 -1091356685 -767842980 1917695745 -1214130573 -1139287841 416382387 -1096673651 -717632785 1981200164 1049922830 -623243466 -1657861452 403325056 -1612863041 2127403813 7487787 1485903633 718454096 -107883714 -1335294806 1514598883 -317498497 1129501660 1780346652 -728599862 1491682697 60471488 1170676960 2014971250 166157739 225961030 -1292159502 -1665197132 109432549 996410841 885744968 1965054762 -889600 -856648792 -2089098626 1788383237 1060671698 928295833 -906825292 498694429 -1487670079 -1153200259 -1113817674 
100 32
-1687683476 1988525188 1172472931 -554727003 -1484179402 -1528451856 -1031920602 1989621584 1411233214 -517307240 -782797288 -931597792 -955229213 -1220798250 760647143 -837063181 918650397 1361462720 576182426 -2097781249 -2072009006 1173516789 -804679927 1820364855 -883683095 -2006824295 1611226000 564060915 1847895709 -1177830499 -984996097 -938471217 -34170477 -1819957181 -556449580 -1833345326 -1439045587 1380526049 -1988536661 845691091 -1296604128 2061716196 774696693 636364823 977276483 -1697666025 -2062460184 213061695 -1412047958 34886181 -1570876490 -634136992 -1091356685 -767842980 1917695745 -1214130573 -1139287841 416382387 -1096673651 -717632785 1981200164 1049922830 -623243466 -1657861452 403325056 -1612863041 2127403813 7487787 1485903633 718454096 -107883714 -1335294806 1514598883 -317498497 1129501660 1780346652 -728599862 1491682697 60471488 1170676960 2014971250 166157739 225961030 -1292159502 -1665197132 109432549 996410841 885744968 1965054762 -889600 -856648792 -2089098626 1788383237 1060671698 928295833 -906825292 498694429 -1487670079 -1153200259 -1113817674 
100 32
-1687683476 1988525188 1172472931 -554727003 -1484179402 -1528451856 -1031920602 1989621584 1411233214 -517307240 -782797288 -931597792 -955229213 -1220798250 760647143 -837063181 918650397 1361462720 576182426 -2097781249 -2072009006 1173516789 -804679927 1820364855 -883683095 -2006824295 1611226000 564060915 1847895709 -1177830499 -984996097 -938471217 -34170477 -1819957181 -556449580 -1833345326 -1439045587 1380526049 -1988536661 845691091 -1296604128 2061716196 774696693 636364823 977276483 -1697666025 -2062460184 213061695 -1412047958 34886181 -1570876490 -634136992 -1091356685 -767842980 1917695745 -1214130573 -1139287841 416382387 -1096673651 -717632785 1981200164 1049922830 -623243466 -1657861452 403325056 -1612863041 2127403813 7487787 1485903633 718454096 -107883714 -1335294806 1514598883 -317498497 1129501660 1780346652 -728599862 1491682697 60471488 1170676960 2014971250 166157739 225961030 -1292159502 -1665197132 109432549 996410841 885744968 1965054762 -889600 -856648792 -2089098626 1788383237 1060671698 928295833 -906825292 498694429 -1487670079 -1153200259 -1113817674 
100 32
-1687683476 1988525188 1172472931 -554727003 -1484179402 -1528451856 -1031920602 1989621584 1411233214 -517307240 -782797288 -931597792 -955229213 -1220798250 760647143 -837063181 918650397 1361462720 576182426 -2097781249 -2072009006 1173516789 -804679927 1820364855 -883683095 -2006824295 1611226000 564060915 1847895709 -1177830499 -984996097 -938471217 -34170477 -1819957181 -556449580 -1833345326 -1439045587 1380526049 -1988536661 845691091 -1296604128 2061716196 774696693 636364823 977276483 -1697666025 -2062460184 213061695 -1412047958 34886181 -1570876490 -634136992 -1091356685 -767842980 1917695745 -1214130573 -1139287841 416382387 -1096673651 -717632785 1981200164 1049922830 -623243466 -1657861452 403325056 -1612863041 2127403813 7487787 1485903633 718454096 -107883714 -1335294806 1514598883 -317498497 1129501660 1780346652 -728599862 1491682697 60471488 1170676960 2014971250 166157739 225961030 -1292159502 -1665197132 109432549 996410841 885744968 1965054762 -889600 -856648792 -2089098626 1788383237 1060671698 928295833 -906825292 498694429 -1487670079 -1153200259 -1113817674 
100 32
-1687683476 1988525188 1172472931 -554727003 -1484179402 -1528451856 -1031920602 1989621584 1411233214 -517307240 -782797288 -931597792 -955229213 -1220798250 760647143 -837063181 918650397 1361462720 576182426 -2097781249 -2072009006 1173516789 -804679927 1820364855 -883683095 -2006824295 1611226000 564060915 1847895709 -1177830499 -984996097 -938471217 -34170477 -1819957181 -556449580 -1833345326 -1439045587 1380526049 -1988536661 845691091 -1296604128 2061716196 774696693 636364823 977276483 -1697666025 -2062460184 213061695 -1412047958 34886181 -1570876490 -634136992 -1091356685 -767842980 1917695745 -1214130573 -1139287841 416382387 -1096673651 -717632785 1981200164 1049922830 -623243466 -1657861452 403325056 -1612863041 2127403813 7487787 1485903633 718454096 -107883714 -1335294806 1514598883 -317498497 1129501660 1780346652 -728599862 1491682697 60471488 1170676960 2014971250 166157739 225961030 -1292159502 -1665197132 109432549 996410841 885744968 1965054762 -889600 -856648792 -2089098626 1788383237 1060671698 928295833 -906825292 498694429 -1487670079 -1153200259 -1113817674 
100 32
-1687683476 1988525188 1172472931 -554727003 -1484179402 -1528451856 -1031920602 1989621584 1411233214 -517307240 -782797288 -931597792 -955229213 -1220798250 760647143 -837063181 918650397 1361462720 576182426 -2097781249 -2072009006 1173516789 -804679927 1820364855 -883683095 -2006824295 1611226000 564060915 1847895709 -1177830499 -984996097 -938471217 -34170477 -1819957181 -556449580 -1833345326 -1439045587 1380526049 -1988536661 845691091 -1296604128 2061716196 774696693 636364823 977276483 -1697666025 -2062460184 213061695 -1412047958 34886181 -1570876490 -634136992 -1091356685 -767842980 1917695745 -1214130573 -1139287841 416382387 -1096673651 -717632785 1981200164 1049922830 -623243466 -1657861452 403325056 -1612863041 2127403813 7487787 1485903633 718454096 -107883714 -1335294806 1514598883 -317498497 1129501660 1780346652 -728599862 1491682697 60471488 1170676960 2014971250 166157739 225961030 -1292159502 -1665197132 109432549 996410841 885744968 1965054762 -889600 -856648792 -2089098626 1788383237 1060671698 928295833 -906825292 498694429 -1487670079 -1153200259 -1113817674 
100 32
-1687683476 1988525188 1172472931 -554727003 -1484179402 -1528451856 -1031920602 1989621584 1411233214 -517307240 -782797288 -931597792 -955229213 -1220798250 760647143 -837063181 918650397 1361462720 576182426 -2097781249 -2072009006 1173516789 -804679927 1820364855 -883683095 -2006824295 1611226000 564060915 1847895709 -1177830499 -984996097 -938471217 -34170477 -1819957181 -556449580 -1833345326 -1439045587 1380526049 -1988536661 845691091 -1296604128 2061716196 774696693 636364823 977276483 -1697666025 -2062460184 213061695 -1412047958 34886181 -1570876490 -634136992 -1091356685 -767842980 1917695745 -1214130573 -1139287841 416382387 -1096673651 -717632785 1981200164 1049922830 -623243466 -1657861452 403325056 -1612863041 2127403813 7487787 1485903633 718454096 -107883714 -1335294806 1514598883 -317498497 1129501660 1780346652 -728599862 1491682697 60471488 1170676960 2014971250 166157739 225961030 -1292159502 -1665197132 109432549 996410841 885744968 1965054762 -889600 -856648792 -2089098626 1788383237 1060671698 928295833 -906825292 498694429 -1487670079 -1153200259 -1113817674 
100 32
-1687683476 1988525188 1172472931 -554727003 -1484179402 -1528451856 -1031920602 1989621584 1411233214 -517307240 -782797288 -931597792 -955229213 -1220798250 760647143 -837063181 918650397 1361462720 576182426 -2097781249 -2072009006 1173516789 -804679927 1820364855 -883683095 -2006824295 1611226000 564060915 1847895709 -1177830499 -984996097 -938471217 -34170477 -1819957181 -556449580 -1833345326 -1439045587 1380526049 -1988536661 845691091 -1296604128 2061716196 774696693 636364823 977276483 -1697666025 -2062460184 213061695 -1412047958 34886181 -1570876490 -634136992 -1091356685 -767842980 1917695745 -1214130573 -1139287841 416382387 -1096673651 -717632785 1981200164 1049922830 -623243466 -1657861452 403325056 -1612863041 2127403813 7487787 1485903633 718454096 -107883714 -1335294806 1514598883 -317498497 1129501660 1780346652 -728599862 1491682697 60471488 1170676960 2014971250 166157739 225961030 -1292159502 -1665197132 109432549 996410841 885744968 1965054762 -889600 -856648792 -2089098626 1788383237 1060671698 928295833 -906825292 498694429 -1487670079 -1153200259 -1113817674 
100 32
-1687683476 1988525188 1172472931 -554727003 -1484179402 -1528451856 -1031920602 1989621584 1411233214 -517307240 -782797288 -931597792 -955229213 -1220798250 760647143 -837063181 918650397 1361462720 576182426 -2097781249 -2072009006 1173516789 -804679927 1820364855 -883683095 -2006824295 1611226000 564060915 1847895709 -1177830499 -984996097 -938471217 -34170477 -1819957181 -556449580 -1833345326 -1439045587 1380526049 -1988536661 845691091 -1296604128 2061716196 774696693 636364823 977276483 -1697666025 -2062460184 213061695 -1412047958 34886181 -1570876490 -634136992 -1091356685 -767842980 1917695745 -1214130573 -1139287841 416382387 -1096673651 -717632785 1981200164 1049922830 -623243466 -1657861452 403325056 -1612863041 2127403813 7487787 1485903633 718454096 -107883714 -1335294806 1514598883 -317498497 1129501660 1780346652 -728599862 1491682697 60471488 1170676960 2014971250 166157739 225961030 -1292159502 -1665197132 109432549 996410841 885744968 1965054762 -889600 -856648792 -2089098626 1788383237 1060671698 928295833 -906825292 498694429 -1487670079 -1153200259 -1113817674 
100 32
-1687683476 1988525188 1172472931 -554727003 -1484179402 -1528451856 -1031920602 1989621584 1411233214 -517307240 -782797288 -931597792 -955229213 -1220798250 760647143 -837063181 918650397 1361462720 576182426 -2097781249 -2072009006 1173516789 -804679927 1820364855 -883683095 -2006824295 1611226000 564060915 1847895709 -1177830499 -984996097 -938471217 -34170477 -1819957181 -556449580 -1833345326 -1439045587 1380526049 -1988536661 845691091 -1296604128 2061716196 774696693 636364823 977276483 -1697666025 -2062460184 213061695 -1412047958 34886181 -1570876490 -634136992 -1091356685 -767842980 1917695745 -1214130573 -1139287841 416382387 -1096673651 -717632785 1981200164 1049922830 -623243466 -1657861452 403325056 -1612863041 2127403813 7487787 1485903633 718454096 -107883714 -1335294806 1514598883 -317498497 1129501660 1780346652 -728599862 1491682697 60471488 1170676960 2014971250 166157739 225961030 -1292159502 -1665197132 109432549 996410841 885744968 1965054762 -889600 -856648792 -2089098626 1788383237 1060671698 928295833 -906825292 498694429 -1487670079 -1153200259 -1113817674 
100 32
-1687683476 1988525188 1172472931 -554727003 -1484179402 -1528451856 -1031920602 1989621584 1411233214 -517307240 -782797288 -931597792 -955229213 -1220798250 760647143 -837063181 918650397 1361462720 576182426 -2097781249 -2072009006 1173516789 -804679927 1820364855 -883683095 -2006824295 1611226000 564060915 1847895709 -1177830499 -984996097 -938471217 -34170477 -1819957181 -556449580 -1833345326 -1439045587 1380526049 -1988536661 845691091 -1296604128 2061716196 774696693 636364823 977276483 -1697666025 -2062460184 213061695 -1412047958 34886181 -1570876490 -634136992 -1091356685 -767842980 1917695745 -1214130573 -1139287841 416382387 -1096673651 -717632785 1981200164 1049922830 -623243466 -1657861452 403325056 -1612863041 2127403813 7487787 1485903633 718454096 -107883714 -1335294806 1514598883 -317498497 1129501660 1780346652 -728599862 1491682697 60471488 1170676960 2014971250 166157739 225961030 -1292159502 -1665197132 109432549 996410841 885744968 1965054762 -889600 -856648792 -2089098626 1788383237 1060671698 928295833 -906825292 498694429 -1487670079 -1153200259 -1113817674 
100 32
-1687683476 1988525188 1172472931 -554727003 -1484179402 -1528451856 -1031920602 1989621584 1411233214 -517307240 -782797288 -931597792 -955229213 -1220798250 760647143 -837063181 918650397 1361462720 576182426 -2097781249 -2072009006 1173516789 -804679927 1820364855 -883683095 -2006824295 1611226000 564060915 1847895709 -1177830499 -984996097 -938471217 -34170477 -1819957181 -556449580 -1833345326 -1439045587 1380526049 -1988536661 845691091 -1296604128 2061716196 774696693 636364823 977276483 -1697666025 -2062460184 213061695 -1412047958 34886181 -1570876490 -634136992 -1091356685 -767842980 1917695745 -1214130573 -1139287841 416382387 -1096673651 -717632785 1981200164 1049922830 -623243466 -1657861452 403325056 -1612863041 2127403813 7487787 1485903633 718454096 -107883714 -1335294806 1514598883 -317498497 1129501660 1780346652 -728599862 1491682697 60471488 1170676960 2014971250 166157739 225961030 -1292159502 -1665197132 109432549 996410841 885744968 1965054762 -889600 -856648792 -2089098626 1788383237 1060671698 928295833 -906825292 498694429 -1487670079 -1153200259 -1113817674 
100 32
-1687683476 1988525188 1172472931 -554727003 -1484179402 -1528451856 -1031920602 1989621584 1411233214 -517307240 -782797288 -931597792 -955229213 -1220798250 760647143 -837063181 918650397 1361462720 576182426 -2097781249 -2072009006 1173516789 -804679927 1820364855 -883683095 -2006824295 1611226000 564060915 1847895709 -1177830499 -984996097 -938471217 -34170477 -1819957181 -556449580 -1833345326 -1439045587 1380526049 -1988536661 845691091 -1296604128 2061716196 774696693 636364823 977276483 -1697666025 -2062460184 213061695 -1412047958 34886181 -1570876490 -634136992 -1091356685 -767842980 1917695745 -1214130573 -1139287841 416382387 -1096673651 -717632785 1981200164 1049922830 -623243466 -1657861452 403325056 -1612863041 2127403813 7487787 1485903633 718454096 -107883714 -1335294806 1514598883 -317498497 1129501660 1780346652 -728599862 1491682697 60471488 1170676960 2014971250 166157739 225961030 -1292159502 -1665197132 109432549 996410841 885744968 1965054762 -889600 -856648792 -2089098626 1788383237 1060671698 928295833 -906825292 498694429 -1487670079 -1153200259 -1113817674 
100 32
-1687683476 1988525188 1172472931 -554727003 -1484179402 -1528451856 -1031920602 1989621584 1411233214 -517307240 -782797288 -931597792 -955229213 -1220798250 760647143 -837063181 918650397 1361462720 576182426 -2097781249 -2072009006 1173516789 -804679927 1820364855 -883683095 -2006824295 1611226000 564060915 1847895709 -1177830499 -984996097 -938471217 -34170477 -1819957181 -556449580 -1833345326 -1439045587 1380526049 -1988536661 845691091 -1296604128 2061716196 774696693 636364823 977276483 -1697666025 -2062460184 213061695 -1412047958 34886181 -1570876490 -634136992 -1091356685 -767842980 1917695745 -1214130573 -1139287841 416382387 -1096673651 -717632785 1981200164 1049922830 -623243466 -1657861452 403325056 -1612863041 2127403813 7487787 1485903633 718454096 -107883714 -1335294806 1514598883 -317498497 1129501660 1780346652 -728599862 1491682697 60471488 1170676960 2014971250 166157739 225961030 -1292159502 -1665197132 109432549 996410841 885744968 1965054762 -889600 -856648792 -2089098626 1788383237 1060671698 928295833 -906825292 498694429 -1487670079 -1153200259 -1113817674 
100 32
-1687683476 1988525188 1172472931 -554727003 -1484179402 -1528451856 -1031920602 1989621584 1411233214 -517307240 -782797288 -931597792 -955229213 -1220798250 760647143 -837063181 918650397 1361462720 576182426 -2097781249 -2072009006 1173516789 -804679927 1820364855 -883683095 -2006824295 1611226000 564060915 1847895709 -1177830499 -984996097 -938471217 -34170477 -1819957181 -556449580 -1833345326 -1439045587 1380526049 -1988536661 845691091 -1296604128 2061716196 774696693 636364823 977276483 -1697666025 -2062460184 213061695 -1412047958 34886181 -1570876490 -634136992 -1091356685 -767842980 1917695745 -1214130573 -1139287841 416382387 -1096673651 -717632785 1981200164 1049922830 -623243466 -1657861452 403325056 -1612863041 2127403813 7487787 1485903633 718454096 -107883714 -1335294806 1514598883 -317498497 1129501660 1780346652 -728599862 1491682697 60471488 1170676960 2014971250 166157739 225961030 -1292159502 -1665197132 109432549 996410841 885744968 1965054762 -889600 -856648792 -2089098626 1788383237 1060671698 928295833 -906825292 498694429 -1487670079 -1153200259 -1113817674 
100 32
-1687683476 1988525188 1172472931 -554727003 -1484179402 -1528451856 -1031920602 1989621584 1411233214 -517307240 -782797288 -931597792 -955229213 -1220798250 760647143 -837063181 918650397 1361462720 576182426 -2097781249 -2072009006 1173516789 -804679927 1820364855 -883683095 -2006824295 1611226000 564060915 1847895709 -1177830499 -984996097 -938471217 -34170477 -1819957181 -556449580 -1833345326 -1439045587 1380526049 -1988536661 845691091 -1296604128 2061716196 774696693 636364823 977276483 -1697666025 -2062460184 213061695 -1412047958 34886181 -1570876490 -634136992 -1091356685 -767842980 1917695745 -1214130573 -1139287841 416382387 -1096673651 -717632785 1981200164 1049922830 -623243466 -1657861452 403325056 -1612863041 2127403813 7487787 1485903633 718454096 -107883714 -1335294806 1514598883 -317498497 1129501660 1780346652 -728599862 1491682697 60471488 1170676960 2014971250 166157739 225961030 -1292159502 -1665197132 109432549 996410841 885744968 1965054762 -889600 -856648792 -2089098626 1788383237 1060671698 928295833 -906825292 498694429 -1487670079 -1153200259 -1113817674 
100 32
-1687683476 1988525188 1172472931 -554727003 -1484179402 -1528451856 -1031920602 1989621584 1411233214 -517307240 -782797288 -931597792 -955229213 -1220798250 760647143 -837063181 918650397 1361462720 576182426 -2097781249 -2072009006 1173516789 -804679927 1820364855 -883683095 -2006824295 1611226000 564060915 1847895709 -1177830499 -984996097 -938471217 -34170477 -1819957181 -556449580 -1833345326 -1439045587 1380526049 -1988536661 845691091 -1296604128 2061716196 774696693 636364823 977276483 -1697666025 -2062460184 213061695 -1412047958 34886181 -1570876490 -634136992 -1091356685 -767842980 1917695745 -1214130573 -1139287841 416382387 -1096673651 -717632785 1981200164 1049922830 -623243466 -1657861452 403325056 -1612863041 2127403813 7487787 1485903633 718454096 -107883714 -1335294806 1514598883 -317498497 1129501660 1780346652 -728599862 1491682697 60471488 1170676960 2014971250 166157739 225961030 -1292159502 -1665197132 109432549 996410841 885744968 1965054762 -889600 -856648792 -2089098626 1788383237 1060671698 928295833 -906825292 498694429 -1487670079 -1153200259 -1113817674 
100 32
-1687683476 1988525188 1172472931 -554727003 -1484179402 -1528451856 -1031920602 1989621584 1411233214 -517307240 -782797288 -931597792 -955229213 -1220798250 760647143 -837063181 918650397 1361462720 576182426 -2097781249 -2072009006 1173516789 -804679927 1820364855 -883683095 -2006824295 1611226000 564060915 1847895709 -1177830499 -984996097 -938471217 -34170477 -1819957181 -556449580 -1833345326 -1439045587 1380526049 -1988536661 845691091 -1296604128 2061716196 774696693 636364823 977276483 -1697666025 -2062460184 213061695 -1412047958 34886181 -1570876490 -634136992 -1091356685 -767842980 1917695745 -1214130573 -1139287841 416382387 -1096673651 -717632785 1981200164 1049922830 -623243466 -1657861452 403325056 -1612863041 2127403813 7487787 1485903633 718454096 -107883714 -1335294806 1514598883 -317498497 1129501660 1780346652 -728599862 1491682697 60471488 1170676960 2014971250 166157739 225961030 -1292159502 -1665197132 109432549 996410841 885744968 1965054762 -889600 -856648792 -2089098626 1788383237 1060671698 928295833 -906825292 498694429 -1487670079 -1153200259 -1113817674 
100 32
-1687683476 1988525188 1172472931 -554727003 -1484179402 -1528451856 -1031920602 1989621584 1411233214 -517307240 -782797288 -931597792 -955229213 -1220798250 760647143 -837063181 918650397 1361462720 576182426 -2097781249 -2072009006 1173516789 -804679927 1820364855 -883683095 -2006824295 1611226000 564060915 1847895709 -1177830499 -984996097 -938471217 -34170477 -1819957181 -556449580 -1833345326 -1439045587 1380526049 -1988536661 845691091 -1296604128 2061716196 774696693 636364823 977276483 -1697666025 -2062460184 213061695 -1412047958 34886181 -1570876490 -634136992 -1091356685 -767842980 1917695745 -1214130573 -1139287841 416382387 -1096673651 -717632785 1981200164 1049922830 -623243466 -1657861452 403325056 -1612863041 2127403813 7487787 1485903633 718454096 -107883714 -1335294806 1514598883 -317498497 1129501660 1780346652 -728599862 1491682697 60471488 1170676960 2014971250 166157739 225961030 -1292159502 -1665197132 109432549 996410841 885744968 1965054762 -889600 -856648792 -2089098626 1788383237 1060671698 928295833 -906825292 498694429 -1487670079 -1153200259 -1113817674 
100 32
-1687683476 1988525188 1172472931 -554727003 -1484179402 -1528451856 -1031920602 1989621584 1411233214 -517307240 -782797288 -931597792 -955229213 -1220798250 760647143 -837063181 918650397 1361462720 576182426 -2097781249 -2072009006 1173516789 -804679927 1820364855 -883683095 -2006824295 1611226000 564060915 1847895709 -1177830499 -984996097 -938471217 -34170477 -1819957181 -556449580 -1833345326 -1439045587 1380526049 -1988536661 845691091 -1296604128 2061716196 774696693 636364823 977276483 -1697666025 -2062460184 213061695 -1412047958 34886181 -1570876490 -634136992 -1091356685 -767842980 1917695745 -1214130573 -1139287841 416382387 -1096673651 -717632785 1981200164 1049922830 -623243466 -1657861452 403325056 -1612863041 2127403813 7487787 1485903633 718454096 -107883714 -1335294806 1514598883 -317498497 1129501660 1780346652 -728599862 1491682697 60471488 1170676960 2014971250 166157739 225961030 -1292159502 -1665197132 109432549 996410841 885744968 1965054762 -889600 -856648792 -2089098626 1788383237 1060671698 928295833 -906825292 498694429 -1487670079 -1153200259 -1113817674 
100 32
-1687683476 1988525188 1172472931 -554727003 -1484179402 -1528451856 -1031920602 1989621584 1411233214 -517307240 -782797288 -931597792 -955229213 -1220798250 760647143 -837063181 918650397 1361462720 576182426 -2097781249 -2072009006 1173516789 -804679927 1820364855 -883683095 -2006824295 1611226000 564060915 1847895709 -1177830499 -984996097 -938471217 -34170477 -1819957181 -556449580 -1833345326 -1439045587 1380526049 -1988536661 845691091 -1296604128 2061716196 774696693 636364823 977276483 -1697666025 -2062460184 213061695 -1412047958 34886181 -1570876490 -634136992 -1091356685 -767842980 1917695745 -1214130573 -1139287841 416382387 -1096673651 -717632785 1981200164 1049922830 -623243466 -1657861452 403325056 -1612863041 2127403813 7487787 1485903633 718454096 -107883714 -1335294806 1514598883 -317498497 1129501660 1780346652 -728599862 1491682697 60471488 1170676960 2014971250 166157739 225961030 -1292159502 -1665197132 109432549 996410841 885744968 1965054762 -889600 -856648792 -2089098626 1788383237 1060671698 928295833 -906825292 498694429 -1487670079 -1153200259 -1113817674 
100 32
-1687683476 1988525188 1172472931 -554727003 -1484179402 -1528451856 -1031920602 1989621584 1411233214 -517307240 -782797288 -931597792 -955229213 -1220798250 760647143 -837063181 918650397 1361462720 576182426 -2097781249 -2072009006 1173516789 -804679927 1820364855 -883683095 -2006824295 1611226000 564060915 1847895709 -1177830499 -984996097 -938471217 -34170477 -1819957181 -556449580 -1833345326 -1439045587 1380526049 -1988536661 845691091 -1296604128 2061716196 774696693 636364823 977276483 -1697666025 -2062460184 213061695 -1412047958 34886181 -1570876490 -634136992 -1091356685 -767842980 1917695745 -1214130573 -1139287841 416382387 -1096673651 -717632785 1981200164 1049922830 -623243466 -1657861452 403325056 -1612863041 2127403813 7487787 1485903633 718454096 -107883714 -1335294806 1514598883 -317498497 1129501660 1780346652 -728599862 1491682697 60471488 1170676960 2014971250 166157739 225961030 -1292159502 -1665197132 109432549 996410841 885744968 1965054762 -889600 -856648792 -2089098626 1788383237 1060671698 928295833 -906825292 498694429 -1487670079 -1153200259 -1113817674 
100 32
-1687683476 1988525188 1172472931 -554727003 -1484179402 -1528451856 -1031920602 1989621584 1411233214 -517307240 -782797288 -931597792 -955229213 -1220798250 760647143 -837063181 918650397 1361462720 576182426 -2097781249 -2072009006 1173516789 -804679927 1820364855 -883683095 -2006824295 1611226000 564060915 1847895709 -1177830499 -984996097 -938471217 -34170477 -1819957181 -556449580 -1833345326 -1439045587 1380526049 -1988536661 845691091 -1296604128 2061716196 774696693 636364823 977276483 -1697666025 -2062460184 213061695 -1412047958 34886181 -1570876490 -634136992 -1091356685 -767842980 1917695745 -1214130573 -1139287841 416382387 -1096673651 -717632785 1981200164 1049922830 -623243466 -1657861452 403325056 -1612863041 2127403813 7487787 1485903633 718454096 -107883714 -1335294806 1514598883 -317498497 1129501660 1780346652 -728599862 1491682697 60471488 1170676960 2014971250 166157739 225961030 -1292159502 -1665197132 109432549 996410841 885744968 1965054762 -889600 -856648792 -2089098626 1788383237 1060671698 928295833 -906825292 498694429 -1487670079 -1153200259 -1113817674 
100 32
-1687683476 1988525188 1172472931 -554727003 -1484179402 -1528451856 -1031920602 1989621584 1411233214 -517307240 -782797288 -931597792 -955229213 -1220798250 760647143 -837063181 918650397 1361462720 576182426 -2097781249 -2072009006 1173516789 -804679927 1820364855 -883683095 -2006824295 1611226000 564060915 1847895709 -1177830499 -984996097 -938471217 -34170477 -1819957181 -556449580 -1833345326 -1439045587 1380526049 -1988536661 845691091 -1296604128 2061716196 774696693 636364823 977276483 -1697666025 -2062460184 213061695 -1412047958 34886181 -1570876490 -634136992 -1091356685 -767842980 1917695745 -1214130573 -1139287841 416382387 -1096673651 -717632785 1981200164 1049922830 -623243466 -1657861452 403325056 -1612863041 2127403813 7487787 1485903633 718454096 -107883714 -1335294806 1514598883 -317498497 1129501660 1780346652 -728599862 1491682697 60471488 1170676960 2014971250 166157739 225961030 -1292159502 -1665197132 109432549 996410841 885744968 1965054762 -889600 -856648792 -2089098626 1788383237 1060671698 928295833 -906825292 498694429 -1487670079 -1153200259 -1113817674 
100 32
-1687683476 1988525188 1172472931 -554727003 -1484179402 -1528451856 -1031920602 1989621584 1411233214 -517307240 -782797288 -931597792 -955229213 -1220798250 760647143 -837063181 918650397 1361462720 576182426 -2097781249 -2072009006 1173516789 -804679927 1820364855 -883683095 -2006824295 1611226000 564060915 1847895709 -1177830499 -984996097 -938471217 -34170477 -1819957181 -556449580 -1833345326 -1439045587 1380526049 -1988536661 845691091 -1296604128 2061716196 774696693 636364823 977276483 -1697666025 -2062460184 213061695 -1412047958 34886181 -1570876490 -634136992 -1091356685 -767842980 1917695745 -1214130573 -1139287841 416382387 -1096673651 -717632785 1981200164 1049922830 -623243466 -1657861452 403325056 -1612863041 2127403813 7487787 1485903633 718454096 -107883714 -1335294806 1514598883 -317498497 1129501660 1780346652 -728599862 1491682697 60471488 1170676960 2014971250 166157739 225961030 -1292159502 -1665197132 109432549 996410841 885744968 1965054762 -889600 -856648792 -2089098626 1788383237 1060671698 928295833 -906825292 498694429 -1487670079 -1153200259 -1113817674 
100 32
-1687683476 1988525188 1172472931 -554727003 -1484179402 -1528451856 -1031920602 1989621584 1411233214 -517307240 -782797288 -931597792 -955229213 -1220798250 760647143 -837063181 918650397 1361462720 576182426 -2097781249 -2072009006 1173516789 -804679927 1820364855 -883683095 -2006824295 1611226000 564060915 1847895709 -1177830499 -984996097 -938471217 -34170477 -1819957181 -556449580 -1833345326 -1439045587 1380526049 -1988536661 845691091 -1296604128 2061716196 774696693 636364823 977276483 -1697666025 -2062460184 213061695 -1412047958 34886181 -1570876490 -634136992 -1091356685 -767842980 1917695745 -1214130573 -1139287841 416382387 -1096673651 -717632785 1981200164 1049922830 -623243466 -1657861452 403325056 -1612863041 2127403813 7487787 1485903633 718454096 -107883714 -1335294806 1514598883 -317498497 1129501660 1780346652 -728599862 1491682697 60471488 1170676960 2014971250 166157739 225961030 -1292159502 -1665197132 109432549 996410841 885744968 1965054762 -889600 -856648792 -2089098626 1788383237 1060671698 928295833 -906825292 498694429 -1487670079 -1153200259 -1113817674 
100 32
-1687683476 1988525188 1172472931 -554727003 -1484179402 -1528451856 -1031920602 1989621584 1411233214 -517307240 -782797288 -931597792 -955229213 -1220798250 760647143 -837063181 918650397 1361462720 576182426 -2097781249 -2072009006 1173516789 -804679927 1820364855 -883683095 -2006824295 1611226000 564060915 1847895709 -1177830499 -984996097 -938471217 -34170477 -1819957181 -556449580 -1833345326 -1439045587 1380526049 -1988536661 845691091 -1296604128 2061716196 774696693 636364823 977276483 -1697666025 -2062460184 213061695 -1412047958 34886181 -1570876490 -634136992 -1091356685 -767842980 1917695745 -1214130573 -1139287841 416382387 -1096673651 -717632785 1981200164 1049922830 -623243466 -1657861452 403325056 -1612863041 2127403813 7487787 1485903633 718454096 -107883714 -1335294806 1514598883 -317498497 1129501660 1780346652 -728599862 1491682697 60471488 1170676960 2014971250 166157739 225961030 -1292159502 -1665197132 109432549 996410841 885744968 1965054762 -889600 -856648792 -2089098626 1788383237 1060671698 928295833 -906825292 498694429 -1487670079 -1153200259 -1113817674 
100 32
-1687683476 1988525188 1172472931 -554727003 -1484179402 -1528451856 -1031920602 1989621584 1411233214 -517307240 -782797288 -931597792 -955229213 -1220798250 760647143 -837063181 918650397 1361462720 576182426 -2097781249 -2072009006 1173516789 -804679927 1820364855 -883683095 -2006824295 1611226000 564060915 1847895709 -1177830499 -984996097 -938471217 -34170477 -1819957181 -556449580 -1833345326 -1439045587 1380526049 -1988536661 845691091 -1296604128 2061716196 774696693 636364823 977276483 -1697666025 -2062460184 213061695 -1412047958 34886181 -1570876490 -634136992 -1091356685 -767842980 1917695745 -1214130573 -1139287841 416382387 -1096673651 -717632785 1981200164 1049922830 -623243466 -1657861452 403325056 -1612863041 2127403813 7487787 1485903633 718454096 -107883714 -1335294806 1514598883 -317498497 1129501660 1780346652 -728599862 1491682697 60471488 1170676960 2014971250 166157739 225961030 -1292159502 -1665197132 109432549 996410841 885744968 1965054762 -889600 -856648792 -2089098626 1788383237 1060671698 928295833 -906825292 498694429 -1487670079 -1153200259 -1113817674 
100 32
-1687683476 1988525188 1172472931 -554727003 -1484179402 -1528451856 -1031920602 1989621584 1411233214 -517307240 -782797288 -931597792 -955229213 -1220798250 760647143 -837063181 918650397 1361462720 576182426 -2097781249 -2072009006 1173516789 -804679927 1820364855 -883683095 -2006824295 1611226000 564060915 1847895709 -1177830499 -984996097 -938471217 -34170477 -1819957181 -556449580 -1833345326 -1439045587 1380526049 -1988536661 845691091 -1296604128 2061716196 774696693 636364823 977276483 -1697666025 -2062460184 213061695 -1412047958 34886181 -1570876490 -634136992 -1091356685 -767842980 1917695745 -1214130573 -1139287841 416382387 -1096673651 -717632785 1981200164 1049922830 -623243466 -1657861452 403325056 -1612863041 2127403813 7487787 1485903633 718454096 -107883714 -1335294806 1514598883 -317498497 1129501660 1780346652 -728599862 1491682697 60471488 1170676960 2014971250 166157739 225961030 -1292159502 -1665197132 109432549 996410841 885744968 1965054762 -889600 -856648792 -2089098626 1788383237 1060671698 928295833 -906825292 498694429 -1487670079 -1153200259 -1113817674 
100 32
-1687683476 1988525188 1172472931 -554727003 -1484179402 -1528451856 -1031920602 1989621584 1411233214 -517307240 -782797288 -931597792 -955229213 -1220798250 760647143 -837063181 918650397 1361462720 576182426 -2097781249 -2072009006 1173516789 -804679927 1820364855 -883683095 -2006824295 1611226000 564060915 1847895709 -1177830499 -984996097 -938471217 -34170477 -1819957181 -556449580 -1833345326 -1439045587 1380526049 -1988536661 845691091 -1296604128 2061716196 774696693 636364823 977276483 -1697666025 -2062460184 213061695 -1412047958 34886181 -1570876490 -634136992 -1091356685 -767842980 1917695745 -1214130573 -1139287841 416382387 -1096673651 -717632785 1981200164 1049922830 -623243466 -1657861452 403325056 -1612863041 2127403813 7487787 1485903633 718454096 -107883714 -1335294806 1514598883 -317498497 1129501660 1780346652 -728599862 1491682697 60471488 1170676960 2014971250 166157739 225961030 -1292159502 -1665197132 109432549 996410841 885744968 1965054762 -889600 -856648792 -2089098626 1788383237 1060671698 928295833 -906825292 498694429 -1487670079 -1153200259 -1113817674 
100 32
-1687683476 1988525188 1172472931 -554727003 -1484179402 -1528451856 -1031920602 1989621584 1411233214 -517307240 -782797288 -931597792 -955229213 -1220798250 760647143 -837063181 918650397 1361462720 576182426 -2097781249 -2072009006 1173516789 -804679927 1820364855 -883683095 -2006824295 1611226000 564060915 1847895709 -1177830499 -984996097 -938471217 -34170477 -1819957181 -556449580 -1833345326 -1439045587 1380526049 -1988536661 845691091 -1296604128 2061716196 774696693 636364823 977276483 -1697666025 -2062460184 213061695 -1412047958 34886181 -1570876490 -634136992 -1091356685 -767842980 1917695745 -1214130573 -1139287841 416382387 -1096673651 -717632785 1981200164 1049922830 -623243466 -1657861452 403325056 -1612863041 2127403813 7487787 1485903633 718454096 -107883714 -1335294806 1514598883 -317498497 1129501660 1780346652 -728599862 1491682697 60471488 1170676960 2014971250 166157739 225961030 -1292159502 -1665197132 109432549 996410841 885744968 1965054762 -889600 -856648792 -2089098626 1788383237 1060671698 928295833 -906825292 498694429 -1487670079 -1153200259 -1113817674 
100 32
-1687683476 1988525188 1172472931 -554727003 -1484179402 -1528451856 -1031920602 1989621584 1411233214 -517307240 -782797288 -931597792 -955229213 -1220798250 760647143 -837063181 918650397 1361462720 576182426 -2097781249 -2072009006 1173516789 -804679927 1820364855 -883683095 -2006824295 1611226000 564060915 1847895709 -1177830499 -984996097 -938471217 -34170477 -1819957181 -556449580 -1833345326 -1439045587 1380526049 -1988536661 845691091 -1296604128 2061716196 774696693 636364823 977276483 -1697666025 -2062460184 213061695 -1412047958 34886181 -1570876490 -634136992 -1091356685 -767842980 1917695745 -1214130573 -1139287841 416382387 -1096673651 -717632785 1981200164 1049922830 -623243466 -1657861452 403325056 -1612863041 2127403813 7487787 1485903633 718454096 -107883714 -1335294806 1514598883 -317498497 1129501660 1780346652 -728599862 1491682697 60471488 1170676960 2014971250 166157739 225961030 -1292159502 -1665197132 109432549 996410841 885744968 1965054762 -889600 -856648792 -2089098626 1788383237 1060671698 928295833 -906825292 498694429 -1487670079 -1153200259 -1113817674 
100 32
-1687683476 1988525188 1172472931 -554727003 -1484179402 -1528451856 -1031920602 1989621584 1411233214 -517307240 -782797288 -931597792 -955229213 -1220798250 760647143 -837063181 918650397 1361462720 576182426 -2097781249 -2072009006 1173516789 -804679927 1820364855 -883683095 -2006824295 1611226000 564060915 1847895709 -1177830499 -984996097 -938471217 -34170477 -1819957181 -556449580 -1833345326 -1439045587 1380526049 -1988536661 845691091 -1296604128 2061716196 774696693 636364823 977276483 -1697666025 -2062460184 213061695 -1412047958 34886181 -1570876490 -634136992 -1091356685 -767842980 1917695745 -1214130573 -1139287841 416382387 -1096673651 -717632785 1981200164 1049922830 -623243466 -1657861452 403325056 -1612863041 2127403813 7487787 1485903633 718454096 -107883714 -1335294806 1514598883 -317498497 1129501660 1780346652 -728599862 1491682697 60471488 1170676960 2014971250 166157739 225961030 -1292159502 -1665197132 109432549 996410841 885744968 1965054762 -889600 -856648792 -2089098626 1788383237 1060671698 928295833 -906825292 498694429 -1487670079 -1153200259 -1113817674 
100 32
-1687683476 1988525188 1172472931 -554727003 -1484179402 -1528451856 -1031920602 1989621584 1411233214 -517307240 -782797288 -931597792 -955229213 -1220798250 760647143 -837063181 918650397 1361462720 576182426 -2097781249 -2072009006 1173516789 -804679927 1820364855 -883683095 -2006824295 1611226000 564060915 1847895709 -1177830499 -984996097 -938471217 -34170477 -1819957181 -556449580 -1833345326 -1439045587 1380526049 -1988536661 845691091 -1296604128 2061716196 774696693 636364823 977276483 -1697666025 -2062460184 213061695 -1412047958 34886181 -1570876490 -634136992 -1091356685 -767842980 1917695745 -1214130573 -1139287841 416382387 -1096673651 -717632785 1981200164 1049922830 -623243466 -1657861452 403325056 -1612863041 2127403813 7487787 1485903633 718454096 -107883714 -1335294806 1514598883 -317498497 1129501660 1780346652 -728599862 1491682697 60471488 1170676960 2014971250 166157739 225961030 -1292159502 -1665197132 109432549 996410841 885744968 1965054762 -889600 -856648792 -2089098626 1788383237 1060671698 928295833 -906825292 498694429 -1487670079 -1153200259 -1113817674 
100 32
-1687683476 1988525188 1172472931 -554727003 -1484179402 -1528451856 -1031920602 1989621584 1411233214 -517307240 -782797288 -931597792 -955229213 -1220798250 760647143 -837063181 918650397 1361462720 576182426 -2097781249 -2072009006 1173516789 -804679927 1820364855 -883683095 -2006824295 1611226000 564060915 1847895709 -1177830499 -984996097 -938471217 -34170477 -1819957181 -556449580 -1833345326 -1439045587 1380526049 -1988536661 845691091 -1296604128 2061716196 774696693 636364823 977276483 -1697666025 -2062460184 213061695 -1412047958 34886181 -1570876490 -634136992 -1091356685 -767842980 1917695745 -1214130573 -1139287841 416382387 -1096673651 -717632785 1981200164 1049922830 -623243466 -1657861452 403325056 -1612863041 2127403813 7487787 1485903633 718454096 -107883714 -1335294806 1514598883 -317498497 1129501660 1780346652 -728599862 1491682697 60471488 1170676960 2014971250 166157739 225961030 -1292159502 -1665197132 109432549 996410841 885744968 1965054762 -889600 -856648792 -2089098626 1788383237 1060671698 928295833 -906825292 498694429 -1487670079 -1153200259 -1113817674 
100 32
-1687683476 1988525188 1172472931 -554727003 -1484179402 -1528451856 -1031920602 1989621584 1411233214 -517307240 -782797288 -931597792 -955229213 -1220798250 760647143 -837063181 918650397 1361462720 576182426 -2097781249 -2072009006 1173516789 -804679927 1820364855 -883683095 -2006824295 1611226000 564060915 1847895709 -1177830499 -984996097 -938471217 -34170477 -1819957181 -556449580 -1833345326 -1439045587 1380526049 -1988536661 845691091 -1296604128 2061716196 774696693 636364823 977276483 -1697666025 -2062460184 213061695 -1412047958 34886181 -1570876490 -634136992 -1091356685 -767842980 1917695745 -1214130573 -1139287841 416382387 -1096673651 -717632785 1981200164 1049922830 -623243466 -1657861452 403325056 -1612863041 2127403813 7487787 1485903633 718454096 -107883714 -1335294806 1514598883 -317498497 1129501660 1780346652 -728599862 1491682697 60471488 1170676960 2014971250 166157739 225961030 -1292159502 -1665197132 109432549 996410841 885744968 1965054762 -889600 -856648792 -2089098626 1788383237 1060671698 928295833 -906825292 498694429 -1487670079 -1153200259 -1113817674 
100 32
-1687683476 1988525188 1172472931 -554727003 -1484179402 -1528451856 -1031920602 1989621584 1411233214 -517307240 -782797288 -931597792 -955229213 -1220798250 760647143 -837063181 918650397 1361462720 576182426 -2097781249 -2072009006 1173516789 -804679927 1820364855 -883683095 -2006824295 1611226000 564060915 1847895709 -1177830499 -984996097 -938471217 -34170477 -1819957181 -556449580 -1833345326 -1439045587 1380526049 -1988536661 845691091 -1296604128 2061716196 774696693 636364823 977276483 -1697666025 -2062460184 213061695 -1412047958 34886181 -1570876490 -634136992 -1091356685 -767842980 1917695745 -1214130573 -1139287841 416382387 -1096673651 -717632785 1981200164 1049922830 -623243466 -1657861452 403325056 -1612863041 2127403813 7487787 1485903633 718454096 -107883714 -1335294806 1514598883 -317498497 1129501660 1780346652 -728599862 1491682697 60471488 1170676960 2014971250 166157739 225961030 -1292159502 -1665197132 109432549 996410841 885744968 1965054762 -889600 -856648792 -2089098626 1788383237 1060671698 928295833 -906825292 498694429 -1487670079 -1153200259 -1113817674 
100 32
-1687683476 1988525188 1172472931 -554727003 -1484179402 -1528451856 -1031920602 1989621584 1411233214 -517307240 -782797288 -931597792 -955229213 -1220798250 760647143 -837063181 918650397 1361462720 576182426 -2097781249 -2072009006 1173516789 -804679927 1820364855 -883683095 -2006824295 1611226000 564060915 1847895709 -1177830499 -984996097 -938471217 -34170477 -1819957181 -556449580 -1833345326 -1439045587 1380526049 -1988536661 845691091 -1296604128 2061716196 774696693 636364823 977276483 -1697666025 -2062460184 213061695 -1412047958 34886181 -1570876490 -634136992 -1091356685 -767842980 1917695745 -1214130573 -1139287841 416382387 -1096673651 -717632785 1981200164 1049922830 -623243466 -1657861452 403325056 -1612863041 2127403813 7487787 1485903633 718454096 -107883714 -1335294806 1514598883 -317498497 1129501660 1780346652 -728599862 1491682697 60471488 1170676960 2014971250 166157739 225961030 -1292159502 -1665197132 109432549 996410841 885744968 1965054762 -889600 -856648792 -2089098626 1788383237 1060671698 928295833 -906825292 498694429 -1487670079 -1153200259 -1113817674 
